{"run_id": "16:54:48-05/18/2022", "exp_name": "BO_EVO_proposal-function=UCB", "encoder_name": "ESM_esm-1v", "model_name": "GPyTorch", "landscape_name": "GB1_combo", "rounds": 5, "expmt_queries_per_round": 384, "model_queries_per_round": 3072}
sequence,model_score,true_score,round,model_cost,measurement_cost
FACV,,0.018432422,0,0,1
RYIS,-0.367967,0.00016756746,1,3080,385
QEVL,-0.367967,0.00023431043,1,3080,385
ARYA,-0.367967,0.0041891867,1,3080,385
WTYA,-0.367967,0.013304046,1,3080,385
CGYA,-0.367967,0.0029928933,1,3080,385
VWYA,-0.367967,0.06268472,1,3080,385
VQYA,-0.367967,0.008815506,1,3080,385
VQYP,-0.367967,0.00871533,1,3080,385
VQDP,-0.367967,0.00018189891,1,3080,385
VQDV,-0.367967,0.0017436075,1,3080,385
VQCV,-0.367967,0.007175981,1,3080,385
VQNV,-0.367967,0.0010146287,1,3080,385
VQDG,-0.367967,0.0012197926,1,3080,385
AQLS,-0.367967,0.0028602034,1,3080,385
AQYR,-0.367967,0.0,1,3080,385
AQMR,-0.367967,0.0007148442,1,3080,385
AQMP,-0.367967,0.0,1,3080,385
FQMA,-0.367967,0.16886935,1,3080,385
FQNA,-0.367967,0.0,1,3080,385
QQDV,-0.367967,0.00025365717,1,3080,385
NQDV,-0.367967,0.0,1,3080,385
NQFV,-0.367967,0.0,1,3080,385
GQCV,-0.367967,0.0,1,3080,385
WRYA,-0.367967,0.013824316,1,3080,385
WKYA,-0.367967,0.01076762,1,3080,385
WRYP,-0.367967,0.0012831319,1,3080,385
GVCR,-0.367967,0.00027569864,1,3080,385
WQPD,-0.367967,0.0014954079,1,3080,385
WQPG,-0.367967,0.00094299566,1,3080,385
WPTY,-0.367967,0.00020292576,1,3080,385
WPNY,-0.367967,0.00018808589,1,3080,385
GPNF,-0.367967,0.0011059452,1,3080,385
GPYF,-0.367967,0.0,1,3080,385
GEYF,-0.367967,0.0,1,3080,385
GEYC,-0.367967,0.00047670057,1,3080,385
GECC,-0.367967,0.00027106507,1,3080,385
GVSR,-0.367967,9.176878e-05,1,3080,385
NRYP,-0.367967,0.00029729717,1,3080,385
MVQV,-0.367967,0.00037363017,1,3080,385
MGQL,-0.367967,0.005201228,1,3080,385
MNQI,-0.367967,0.0,1,3080,385
HEQI,-0.367967,0.0,1,3080,385
HEQP,-0.367967,0.0,1,3080,385
ARQP,-0.367967,0.0,1,3080,385
ARIP,-0.367967,0.0010054049,1,3080,385
NRIP,-0.367967,0.0002844509,1,3080,385
NRCP,-0.367967,0.0013734741,1,3080,385
GICV,-0.367967,0.00038136047,1,3080,385
GRQV,-0.367967,0.00010433449,1,3080,385
GRRC,-0.367967,8.507268e-05,1,3080,385
PMTI,-0.367967,0.00010634093,1,3080,385
NWSV,-0.367967,0.0,1,3080,385
AWSV,-0.367967,0.0023040527,1,3080,385
PWSQ,-0.367967,0.0001382432,1,3080,385
PWNQ,-0.367967,0.0,1,3080,385
PWLQ,-0.367967,0.0005096522,1,3080,385
PWTQ,-0.367967,0.0007340345,1,3080,385
PDTS,-0.367967,0.0,1,3080,385
PRTS,-0.367967,0.00031321833,1,3080,385
PETS,-0.367967,0.000561964,1,3080,385
PVTI,-0.367967,0.0002211891,1,3080,385
NCRI,-0.367967,0.00086401973,1,3080,385
PGSI,-0.367967,0.00014551914,1,3080,385
PGDI,-0.367967,0.0004065975,1,3080,385
PYGI,-0.367967,0.0040519545,1,3080,385
HYGR,-0.367967,0.0007302462,1,3080,385
EPGR,-0.367967,0.00014551914,1,3080,385
EIGR,-0.367967,0.0003042491,1,3080,385
EIGS,-0.367967,0.005900808,1,3080,385
ERGS,-0.367967,0.007975083,1,3080,385
EYGS,-0.367967,0.0040519545,1,3080,385
NCSS,-0.367967,0.0011866365,1,3080,385
DCTI,-0.367967,0.0017280395,1,3080,385
MRRD,-0.367967,0.0,1,3080,385
KDVM,-0.367967,0.00012274641,1,3080,385
MCRR,-0.367967,0.00114804,1,3080,385
NCRR,-0.367967,0.00026585226,1,3080,385
PCRW,-0.367967,0.0,1,3080,385
MYVW,-0.367967,0.00029324304,1,3080,385
MAIY,-0.367967,0.00040779694,1,3080,385
MASP,-0.367967,0.00024516034,1,3080,385
QGSP,-0.367967,0.00028300556,1,3080,385
KTSW,-0.367967,0.00025771032,1,3080,385
KTSN,-0.367967,0.0003368361,1,3080,385
KDMM,-0.367967,8.6672786e-05,1,3080,385
NCGR,-0.367967,0.0010433446,1,3080,385
KIMM,-0.367967,0.0006743568,1,3080,385
KFVM,-0.367967,0.0004670377,1,3080,385
DFVM,-0.367967,0.00028651435,1,3080,385
DEVM,-0.367967,0.00089189137,1,3080,385
DEVS,-0.367967,0.0,1,3080,385
CEYS,-0.367967,0.0013312304,1,3080,385
CEYP,-0.367967,0.0012406438,1,3080,385
CEGR,-0.367967,0.0006743568,1,3080,385
DEGR,-0.367967,0.0003291504,1,3080,385
WYPD,-0.367967,0.0024273212,1,3080,385
AICV,-0.367967,0.011641529,1,3080,385
IICV,-0.367967,0.036496196,1,3080,385
LRNF,-0.367967,0.00028951452,1,3080,385
WGYP,-0.367967,0.00029161738,1,3080,385
LGDP,-0.367967,0.00020998965,1,3080,385
IGDQ,-0.367967,0.00019200434,1,3080,385
EQDQ,-0.367967,0.0,1,3080,385
EQDP,-0.367967,0.0,1,3080,385
EGDL,-0.367967,0.0004253636,1,3080,385
EGDP,-0.367967,0.00032384932,1,3080,385
LGDF,-0.367967,0.00035296124,1,3080,385
LRDF,-0.367967,0.00022709351,1,3080,385
LRDP,-0.367967,0.00024132227,1,3080,385
WGDM,-0.367967,0.00016936378,1,3080,385
LRDG,-0.367967,0.0002421778,1,3080,385
LQDG,-0.367967,0.001256756,1,3080,385
LQYG,-0.367967,0.084105976,1,3080,385
LIYG,-0.367967,0.20588836,1,3080,385
LEYG,-0.367967,0.06396675,1,3080,385
LEYF,-0.367967,0.0,1,3080,385
QCAQ,-0.367967,0.0025270255,1,3080,385
ACAQ,-0.367967,0.0023610187,1,3080,385
ACYQ,-0.367967,0.0048880572,1,3080,385
WGDP,-0.367967,0.0002727362,1,3080,385
LGDM,-0.367967,0.00044026482,1,3080,385
ACYS,-0.367967,0.0,1,3080,385
WGNG,-0.367967,0.00029221005,1,3080,385
FAKM,-0.367967,0.0,1,3080,385
QAKT,-0.367967,0.00027276677,1,3080,385
WAKT,-0.367967,0.0003277458,1,3080,385
WAYT,-0.367967,0.03351408,1,3080,385
WAYP,-0.367967,0.0006766491,1,3080,385
WSYP,-0.367967,0.0008443387,1,3080,385
WWYY,-0.367967,0.0007059225,1,3080,385
WWVY,-0.367967,0.0005996089,1,3080,385
WWNY,-0.367967,0.00045574666,1,3080,385
WYEG,-0.367967,0.0001998696,1,3080,385
VGNM,-0.367967,0.0,1,3080,385
WHMG,-0.367967,0.2715882,1,3080,385
WHDG,-0.367967,0.00032582562,1,3080,385
HWDG,-0.367967,0.0,1,3080,385
VWDG,-0.367967,0.0006178465,1,3080,385
DWDG,-0.367967,0.0,1,3080,385
DWNG,-0.367967,0.0012021145,1,3080,385
DQNG,-0.367967,0.0017514161,1,3080,385
VQNG,-0.367967,0.008985805,1,3080,385
VGNL,-0.367967,0.0018937419,1,3080,385
ACYF,-0.367967,0.016896002,1,3080,385
ACDS,-0.367967,0.0,1,3080,385
ICCV,-0.367967,0.032765694,1,3080,385
TRCD,-0.367967,0.0018552849,1,3080,385
GTYS,-0.367967,0.0006385365,1,3080,385
GVYS,-0.367967,0.0006368926,1,3080,385
GVNF,-0.367967,0.0001553294,1,3080,385
YVEF,-0.367967,0.0004994006,1,3080,385
CGEF,-0.367967,0.0007899609,1,3080,385
CVEF,-0.367967,0.0010265581,1,3080,385
TVEF,-0.367967,0.0,1,3080,385
TVLD,-0.367967,0.000513418,1,3080,385
TVCD,-0.367967,0.0015376239,1,3080,385
DRCD,-0.367967,0.0007026484,1,3080,385
GTCE,-0.367967,0.00018681504,1,3080,385
VRCD,-0.367967,0.007682438,1,3080,385
VWQD,-0.367967,0.015306853,1,3080,385
VFQD,-0.367967,0.017625004,1,3080,385
VFVC,-0.367967,0.0010374269,1,3080,385
VGVM,-0.367967,0.0,1,3080,385
VGVG,-0.367967,0.011289858,1,3080,385
VGVV,-0.367967,0.008312088,1,3080,385
NGVV,-0.367967,0.00018787294,1,3080,385
NVCV,-0.367967,0.0014383682,1,3080,385
GTCS,-0.367967,0.0005626175,1,3080,385
KTCW,-0.367967,0.00088411325,1,3080,385
ACKS,-0.367967,0.002250241,1,3080,385
FVIA,-0.367967,0.0007880846,1,3080,385
ADKY,-0.367967,0.00023451804,1,3080,385
ADMY,-0.367967,0.0036347068,1,3080,385
ARMY,-0.367967,0.0,1,3080,385
AMMD,-0.367967,0.00034065478,1,3080,385
WMMD,-0.367967,0.0027201418,1,3080,385
WKSD,-0.367967,0.0006912158,1,3080,385
WVLD,-0.367967,0.009758341,1,3080,385
WVLP,-0.367967,0.087799415,1,3080,385
SVIP,-0.367967,0.00037994952,1,3080,385
FIIA,-0.367967,0.0006516513,1,3080,385
KECV,-0.367967,0.0012555671,1,3080,385
FINA,-0.367967,0.0033554167,1,3080,385
FLNA,-0.367967,0.00025695757,1,3080,385
FLSR,-0.367967,0.00027307292,1,3080,385
WLSR,-0.367967,0.00029589862,1,3080,385
ELWR,-0.367967,9.839376e-05,1,3080,385
RLWR,-0.367967,0.00015219435,1,3080,385
RLWP,-0.367967,0.00026940202,1,3080,385
KLWV,-0.367967,0.0008824031,1,3080,385
KEWV,-0.367967,0.0004730755,1,3080,385
LYGS,-0.367967,0.19879846,1,3080,385
TYGS,-0.367967,0.03882574,1,3080,385
TWIF,-0.367967,0.0,1,3080,385
DQNR,-0.367967,0.0,1,3080,385
DSNN,-0.367967,0.0,1,3080,385
DNWN,-0.367967,0.0,1,3080,385
DNWP,-0.367967,0.0,1,3080,385
DAWP,-0.367967,0.0006356007,1,3080,385
DAWR,-0.367967,0.0010240235,1,3080,385
TAVR,-0.367967,0.00016457515,1,3080,385
IAVR,-0.367967,0.0004344785,1,3080,385
DAVR,-0.367967,0.00035675653,1,3080,385
DANR,-0.367967,0.0,1,3080,385
DQYR,-0.367967,0.0,1,3080,385
NRDS,-0.367967,0.00026895554,1,3080,385
DEYR,-0.367967,0.0011059452,1,3080,385
QENE,-0.367967,0.00030383116,1,3080,385
VVNT,-0.367967,0.00091802096,1,3080,385
VENT,-0.367967,0.00031963733,1,3080,385
VINT,-0.367967,0.0002620723,1,3080,385
VINP,-0.367967,0.00024253188,1,3080,385
GINP,-0.367967,0.00016457515,1,3080,385
GINR,-0.367967,0.0,1,3080,385
STNR,-0.367967,0.0001704601,1,3080,385
NSDN,-0.367967,0.00015191552,1,3080,385
NCDL,-0.367967,0.0,1,3080,385
ATNP,-0.367967,0.0,1,3080,385
NYCM,-0.367967,0.0010634089,1,3080,385
SVVP,-0.367967,0.00028632287,1,3080,385
VVQW,-0.367967,0.0,1,3080,385
PVQW,-0.367967,0.0016756747,1,3080,385
PVQR,-0.367967,0.0006319687,1,3080,385
PVLM,-0.367967,0.00029729717,1,3080,385
PVDM,-0.367967,0.0,1,3080,385
PYDM,-0.367967,0.00031418898,1,3080,385
LYDM,-0.367967,0.00031418898,1,3080,385
NYDM,-0.367967,0.0006010572,1,3080,385
NYNM,-0.367967,0.0,1,3080,385
AYDL,-0.367967,0.0018432421,1,3080,385
NYNR,-0.367967,0.0,1,3080,385
NYFR,-0.367967,0.00045574666,1,3080,385
LYFR,-0.367967,0.0004527923,1,3080,385
LYHR,-0.367967,0.00012454343,1,3080,385
LEHR,-0.367967,0.00013356826,1,3080,385
LEDR,-0.367967,0.00029350995,1,3080,385
LEYL,-0.367967,0.0005453379,1,3080,385
AEYL,-0.367967,0.00040466228,1,3080,385
AIDL,-0.367967,0.00033311607,1,3080,385
STNP,-0.367967,0.00010906762,1,3080,385
AGNQ,-0.367967,0.0016953764,1,3080,385
SNIP,-0.367967,0.00029076004,1,3080,385
AHKS,-0.367967,0.002177716,1,3080,385
LRTR,-0.367967,0.0002055073,1,3080,385
TAHR,-0.367967,0.0,1,3080,385
TAPE,-0.367967,0.0,1,3080,385
TARI,-0.367967,0.0,1,3080,385
TIKI,-0.367967,0.0,1,3080,385
NIKI,-0.367967,0.0,1,3080,385
NHKS,-0.367967,0.0,1,3080,385
NHKP,-0.367967,0.0,1,3080,385
AHKP,-0.367967,0.0037551813,1,3080,385
AHCS,-0.367967,0.011735116,1,3080,385
LQVP,-0.367967,0.00035774574,1,3080,385
AECS,-0.367967,0.0021268178,1,3080,385
KEGS,-0.367967,0.0006307673,1,3080,385
KEGV,-0.367967,0.013494103,1,3080,385
EFAK,-0.367967,0.0012288281,1,3080,385
ELGM,-0.367967,0.029246109,1,3080,385
FIPS,-0.367967,0.00018130253,1,3080,385
GHKF,-0.367967,0.0,1,3080,385
KFLE,-0.367967,0.0,1,3080,385
LVCQ,-0.367967,0.0005425555,1,3080,385
LIVP,-0.367967,0.00036351648,1,3080,385
LQVK,-0.367967,9.66735e-05,1,3080,385
HRNQ,-0.367967,0.00021516443,1,3080,385
YSTV,-0.367967,0.00033800284,1,3080,385
ARNQ,-0.367967,0.0,1,3080,385
ARNR,-0.367967,0.0,1,3080,385
ARPD,-0.367967,0.002862887,1,3080,385
ARPH,-0.367967,0.0017837827,1,3080,385
ARPR,-0.367967,0.00044594568,1,3080,385
AIPR,-0.367967,0.0,1,3080,385
IIPV,-0.367967,0.0001291992,1,3080,385
AIPV,-0.367967,0.0014551912,1,3080,385
DIPV,-0.367967,0.0,1,3080,385
YSEP,-0.367967,0.0002477476,1,3080,385
LQMK,-0.367967,0.00036379782,1,3080,385
YYEP,-0.367967,0.00014551914,1,3080,385
KYEI,-0.367967,0.0,1,3080,385
KYKI,-0.367967,0.0,1,3080,385
KYDM,-0.367967,0.0,1,3080,385
KVDM,-0.367967,0.00031448685,1,3080,385
AVMH,-0.367967,0.0,1,3080,385
NVMK,-0.367967,0.00050731434,1,3080,385
LVMK,-0.367967,0.00023550793,1,3080,385
LRMK,-0.367967,0.00045432028,1,3080,385
SNVP,-0.367967,0.00026852026,1,3080,385
GFIP,-0.367967,0.00011690756,1,3080,385
WWIF,-0.367967,0.00040421975,1,3080,385
HWNG,-0.367967,0.0,1,3080,385
ADNF,-0.367967,0.0028168075,1,3080,385
ALNF,-0.367967,0.0,1,3080,385
ARNF,-0.367967,0.0,1,3080,385
AQNF,-0.367967,0.0032123814,1,3080,385
IRNF,-0.367967,8.861739e-05,1,3080,385
ACNR,-0.367967,0.0,1,3080,385
YCNR,-0.367967,0.0010240235,1,3080,385
YCNG,-0.367967,0.0018432421,1,3080,385
GCNG,-0.367967,0.0021685201,1,3080,385
AWNG,-0.367967,0.002513512,1,3080,385
IDRF,-0.367967,0.0002737488,1,3080,385
ARNG,-0.367967,0.0034560792,1,3080,385
AYNG,-0.367967,0.0014513418,1,3080,385
AYGG,-0.367967,0.015081072,1,3080,385
QYGK,-0.367967,0.0007314453,1,3080,385
QYDK,-0.367967,0.0,1,3080,385
QQDK,-0.367967,0.0,1,3080,385
QQDN,-0.367967,0.0,1,3080,385
TQKN,-0.367967,0.0030751836,1,3080,385
TQMN,-0.367967,0.0,1,3080,385
IDNF,-0.367967,0.0,1,3080,385
IARP,-0.367967,0.0002003524,1,3080,385
VETN,-0.367967,0.0,1,3080,385
DDNC,-0.367967,0.001962907,1,3080,385
WWFF,-0.367967,0.0030855148,1,3080,385
AWFF,-0.367967,0.0045993635,1,3080,385
LWFF,-0.367967,0.002360889,1,3080,385
LMWF,-0.367967,0.00066224264,1,3080,385
DMWF,-0.367967,0.0011059452,1,3080,385
DEWF,-0.367967,0.0,1,3080,385
DEMF,-0.367967,0.0008013073,1,3080,385
DEDF,-0.367967,0.0017107804,1,3080,385
DENP,-0.367967,0.0,1,3080,385
IDRC,-0.367967,0.00037363017,1,3080,385
FAAP,-0.367967,0.00036620707,1,3080,385
IIRC,-0.367967,0.0021186692,1,3080,385
IERC,-0.367967,0.0004036297,1,3080,385
LERC,-0.367967,0.0005158327,1,3080,385
LVRC,-0.367967,0.003165617,1,3080,385
LKCS,-0.367967,0.13576062,1,3080,385
LKYS,-0.367967,0.002889262,1,3080,385
LKYP,-0.367967,0.0011677684,1,3080,385
FKAP,-0.367967,0.00036499847,1,3080,385
FAAS,-0.367967,0.02503322,1,3080,385
TEMN,-0.367967,0.0,1,3080,385
IEVN,-0.367967,0.00032784938,1,3080,385
WMMP,-0.367967,0.0012133245,1,3080,385
EETA,-0.367967,0.00047506244,1,3080,385
QWVF,-0.367967,0.00020788446,1,3080,385
PWVL,-0.367967,0.00032203062,1,3080,385
GWVL,-0.367967,7.810351e-05,1,3080,385
GWDL,-0.367967,0.0,1,3080,385
DWDL,-0.367967,0.00089189137,1,3080,385
LWDL,-0.367967,0.0006063296,1,3080,385
LWDS,-0.367967,0.00020480469,1,3080,385
FWDA,-0.367967,0.0017837827,1,3080,385
FEDA,-0.367967,0.0,1,3080,385
EEDA,-0.367967,0.0004937255,1,3080,385
DEIF,-0.367967,0.0,1,3080,385
EEDV,-0.367967,0.00011969105,1,3080,385
FEDC,-0.367967,0.0,1,3080,385
DRDF,-0.367967,0.0007275955,1,3080,385
DRMF,-0.367967,0.00070893933,1,3080,385
DQMP,-0.367967,0.0,1,3080,385
DLMP,-0.367967,0.0003399422,1,3080,385
NLMP,-0.367967,0.0005006795,1,3080,385
ILMP,-0.367967,0.00039029695,1,3080,385
IMNP,-0.367967,0.00021105824,1,3080,385
QEKF,-0.367967,0.0,1,3080,385
DEII,-0.367967,0.0,1,3080,385
TELN,-0.367967,0.0,1,3080,385
NNWG,-0.367967,0.00020788446,1,3080,385
NEAN,-0.367967,0.00044835624,1,3080,385
NRAN,-0.367967,0.0002498371,1,3080,385
NRAR,-0.367967,0.00025659986,1,3080,385
NRAV,-0.367967,0.0003383574,1,3080,385
NIAV,-0.367967,0.0001514993,1,3080,385
NINV,-0.367967,0.0,1,3080,385
NING,-0.367967,0.0004007048,1,3080,385
NQNG,-0.367967,0.0,1,3080,385
NVNG,-0.367967,0.0002393821,1,3080,385
NNWM,-0.367967,0.0,1,3080,385
CEII,-0.367967,0.0,1,3080,385
NNCM,-0.367967,0.00034134116,1,3080,385
HNCK,-0.367967,0.0,1,3080,385
HNCV,-0.367967,0.0056070653,1,3080,385
HENV,-0.367967,0.0,1,3080,385
LERR,-0.367967,0.00021059896,1,3080,385
AERR,-0.367967,0.0,1,3080,385
TCRR,-0.367967,0.0010240235,1,3080,385
CDIR,-0.367967,0.000876189,1,3080,385
CEIR,-0.367967,0.0010415581,1,3080,385
FACM,-0.367967,0.015799219,1,3080,385
LHMG,0.049536016,0.21397637,2,6235,769
FHMG,0.049276527,0.15779951,2,6235,769
WHLG,0.048086133,0.41291383,2,6235,769
LHYG,0.046694823,0.14085563,2,6235,769
YHMG,0.046626117,0.22782473,2,6235,769
WHYG,0.0453842,0.0999243,2,6235,769
WHFG,0.0453807,0.42699882,2,6235,769
WHCG,0.044852413,0.309058,2,6235,769
LHFG,0.043895576,0.29218587,2,6235,769
FHYG,0.04384611,0.11631493,2,6235,769
WKMG,0.0438416,0.23008989,2,6235,769
FHLG,0.043723267,0.40171048,2,6235,769
WIMG,0.043481484,0.2511668,2,6235,769
WYMG,0.043054365,0.30159372,2,6235,769
MHMG,0.042462114,0.16567911,2,6235,769
FHFG,0.04217614,0.3010936,2,6235,769
LYYG,0.04203473,0.10401152,2,6235,769
LKMG,0.041959915,0.22824039,2,6235,769
FHCG,0.041738838,0.2705229,2,6235,769
WSMG,0.041698474,0.2674788,2,6235,769
WNMG,0.041482635,0.24066065,2,6235,769
WHGG,0.041420918,0.08647138,2,6235,769
FKMG,0.041134782,0.2148086,2,6235,769
WRMG,0.041052658,0.33574077,2,6235,769
WCMG,0.040911864,0.17557347,2,6235,769
FQMG,0.04081003,0.12639375,2,6235,769
WILG,0.040513348,0.45257968,2,6235,769
LIMG,0.040450126,0.33140743,2,6235,769
LTMG,0.040406376,0.11577865,2,6235,769
FYMG,0.04040592,0.28629714,2,6235,769
IHYG,0.04026569,0.20947905,2,6235,769
FHIG,0.040242765,0.005720407,2,6235,769
LSMG,0.04013171,0.2844845,2,6235,769
FIMG,0.040064726,0.33912775,2,6235,769
FHGG,0.039937247,0.22118905,2,6235,769
YHFG,0.039927255,0.36469862,2,6235,769
LHMA,0.039726753,0.3644818,2,6235,769
LIFG,0.03971001,0.4232867,2,6235,769
FTMG,0.039617375,0.053993084,2,6235,769
LVYG,0.03954397,0.2232051,2,6235,769
WDMG,0.0394936,0.16144559,2,6235,769
FHMA,0.03948096,0.29234362,2,6235,769
LKYG,0.039359566,0.09054927,2,6235,769
FSMG,0.039356913,0.12402386,2,6235,769
LNMG,0.039214898,0.2605377,2,6235,769
FIYG,0.039158087,0.12934475,2,6235,769
YHCG,0.039155222,0.23951793,2,6235,769
WIFG,0.039105613,0.5167892,2,6235,769
WEMG,0.038989075,0.09799981,2,6235,769
WYLG,0.038970254,0.42908934,2,6235,769
LFYG,0.038879745,0.068100326,2,6235,769
WAMG,0.038791582,0.23204152,2,6235,769
LVMG,0.03878991,0.2646369,2,6235,769
WKLG,0.038553063,0.41230226,2,6235,769
MHYG,0.038338706,0.14210111,2,6235,769
LTYG,0.03823571,0.07815075,2,6235,769
VHYG,0.038042326,0.21117143,2,6235,769
FCMG,0.037986208,0.14462362,2,6235,769
LSYG,0.03798198,0.16130516,2,6235,769
WHHG,0.037644103,0.00084351754,2,6235,769
MHLG,0.0374752,0.2935551,2,6235,769
WCLG,0.037382286,0.3738386,2,6235,769
FYYG,0.03736159,0.056791786,2,6235,769
YHGG,0.037357587,0.03469959,2,6235,769
LLYG,0.037335567,0.078282006,2,6235,769
IHCG,0.037245356,0.31426367,2,6235,769
LRYG,0.037132397,0.1751666,2,6235,769
LKLG,0.0371284,0.41123253,2,6235,769
WYFG,0.03705866,0.3484317,2,6235,769
YYMG,0.03705681,0.21602798,2,6235,769
WTLG,0.036958046,0.24491529,2,6235,769
LKFG,0.03689156,0.2891935,2,6235,769
WHLA,0.036884554,0.3672762,2,6235,769
LEMG,0.036745124,0.09290296,2,6235,769
LVFG,0.036530133,0.39763668,2,6235,769
MHFG,0.0364821,0.22000103,2,6235,769
HHMG,0.036255132,0.11177947,2,6235,769
WKFG,0.036235727,0.4492211,2,6235,769
WRLG,0.03618041,0.53512865,2,6235,769
LKGG,0.03615418,0.028483493,2,6235,769
IYMG,0.03610827,0.14194036,2,6235,769
WICG,0.03609543,0.25709713,2,6235,769
LCFG,0.03603306,0.32552627,2,6235,769
WIIG,0.035967547,0.04208706,2,6235,769
FKLG,0.03584685,0.3920826,2,6235,769
YIYG,0.035839524,0.11352031,2,6235,769
LTLG,0.03579954,0.21235585,2,6235,769
FQYG,0.03579153,0.06023452,2,6235,769
FKYG,0.035750315,0.04808458,2,6235,769
IYYG,0.03564437,0.0246631,2,6235,769
LTFG,0.035464916,0.1942488,2,6235,769
FCYG,0.035418358,0.095706806,2,6235,769
WCFG,0.035308868,0.47368187,2,6235,769
FYFG,0.03515125,0.26671156,2,6235,769
WDLG,0.03514629,0.31145856,2,6235,769
LDYG,0.034926433,0.07945184,2,6235,769
FYGG,0.034714922,0.1972708,2,6235,769
LTGG,0.03469118,0.010983704,2,6235,769
LFGG,0.03457149,0.068174526,2,6235,769
FTYG,0.03454441,0.029755196,2,6235,769
IHMA,0.034492757,0.13655286,2,6235,769
WSCG,0.034473523,0.26721334,2,6235,769
FSYG,0.03447166,0.07878195,2,6235,769
LYIG,0.03440997,0.011983154,2,6235,769
LAFG,0.034402866,0.32301265,2,6235,769
LNFG,0.034390412,0.2870536,2,6235,769
FHHG,0.034389593,0.0,2,6235,769
FKFG,0.03434576,0.31378415,2,6235,769
FLMG,0.034332447,0.10622219,2,6235,769
FYCG,0.03421035,0.35597613,2,6235,769
FCLG,0.034161218,0.3083042,2,6235,769
WHLS,0.034148607,0.070438184,2,6235,769
FQCG,0.03407844,0.11000626,2,6235,769
LLFG,0.034032296,0.24790345,2,6235,769
VHCG,0.033962835,0.34500685,2,6235,769
WRFG,0.033957366,0.55333173,2,6235,769
FHLA,0.033948705,0.22538014,2,6235,769
WVIG,0.033917468,0.036316387,2,6235,769
WHFA,0.033911385,0.40625268,2,6235,769
LVCG,0.03380941,0.30135664,2,6235,769
WNYG,0.033704434,0.04489239,2,6235,769
MHGG,0.03364637,0.04446199,2,6235,769
LNGG,0.03364476,0.04093878,2,6235,769
LMFG,0.03360565,0.16296315,2,6235,769
YYYG,0.033527642,0.0327418,2,6235,769
FLYG,0.033364914,0.032495406,2,6235,769
WTIG,0.033354342,0.009420318,2,6235,769
WSIG,0.033323836,0.022020208,2,6235,769
IIFG,0.033224214,0.27517244,2,6235,769
VIYG,0.033182397,0.13990209,2,6235,769
IVYG,0.033155397,0.10750302,2,6235,769
ICYG,0.033111162,0.17767884,2,6235,769
LGMG,0.033107456,0.06409993,2,6235,769
WKMA,0.03308976,0.29523528,2,6235,769
FTFG,0.03306519,0.17147556,2,6235,769
VYYG,0.033050917,0.044355467,2,6235,769
LPMG,0.033045903,0.012299214,2,6235,769
VKMG,0.03302418,0.09768573,2,6235,769
FIGG,0.032987453,0.13497666,2,6235,769
FHCA,0.03297112,0.3341878,2,6235,769
LYMA,0.032922477,0.2990692,2,6235,769
FHMT,0.032840945,0.093579985,2,6235,769
LHMV,0.032790504,0.018569976,2,6235,769
FKWG,0.032752637,0.0038579486,2,6235,769
LDFG,0.032748513,0.17495027,2,6235,769
FHGA,0.032741155,0.41840854,2,6235,769
LFCG,0.03267419,0.27741662,2,6235,769
LKMA,0.03259958,0.29223198,2,6235,769
WHPG,0.03235182,0.0015959429,2,6235,769
YYFG,0.032341402,0.20565803,2,6235,769
LECG,0.032335486,0.12922409,2,6235,769
THMG,0.03232547,0.06714668,2,6235,769
FYIG,0.032325283,0.012740056,2,6235,769
YIWG,0.032322124,0.01881789,2,6235,769
WRIG,0.03226455,0.041921347,2,6235,769
LDGG,0.032094534,0.019576715,2,6235,769
LHMC,0.032056835,0.100061715,2,6235,769
YHLA,0.032017644,0.23299733,2,6235,769
FDLG,0.03201012,0.2599914,2,6235,769
LHMH,0.03189711,0.00062837807,2,6235,769
FHFA,0.031866346,0.16419902,2,6235,769
FYVG,0.031770594,0.13911891,2,6235,769
FQVG,0.0317339,0.009521384,2,6235,769
FTGG,0.031724166,0.047375467,2,6235,769
CKMG,0.03157042,0.09744457,2,6235,769
WSWG,0.031550456,0.031571634,2,6235,769
FIVG,0.031455133,0.042189766,2,6235,769
WHFS,0.031414066,0.031201776,2,6235,769
THYG,0.031399276,0.03554824,2,6235,769
IHMS,0.031194732,0.0122478595,2,6235,769
FTIG,0.031131752,0.001440033,2,6235,769
MHAG,0.031044297,0.13753118,2,6235,769
WVMA,0.031021073,0.33490473,2,6235,769
WMIG,0.030956682,0.0075953053,2,6235,769
WCMA,0.030945245,0.28568238,2,6235,769
IKLG,0.030906409,0.21386132,2,6235,769
LTMA,0.030897886,0.14069518,2,6235,769
LSMA,0.030890048,0.3792674,2,6235,769
FHLS,0.030865014,0.018604,2,6235,769
WHLC,0.030823912,0.40019047,2,6235,769
LGGG,0.030701876,0.003823747,2,6235,769
LIMA,0.030651461,0.34833845,2,6235,769
FHVA,0.030626874,0.00454699,2,6235,769
FTVG,0.03062179,0.008884693,2,6235,769
WHNG,0.030615494,0.0020788447,2,6235,769
INYG,0.030590802,0.15167622,2,6235,769
FHIA,0.030524101,0.00074726035,2,6235,769
WNGG,0.030498303,0.034045517,2,6235,769
LHMQ,0.030488882,0.0006098963,2,6235,769
LKMS,0.030484252,0.08533455,2,6235,769
VIFG,0.030446764,0.3637859,2,6235,769
WHLV,0.030429784,0.28217518,2,6235,769
WEIG,0.030423194,0.0052280105,2,6235,769
YLYG,0.030195396,0.018613132,2,6235,769
WRAG,0.030188799,0.09814933,2,6235,769
FTMA,0.03011015,0.06888727,2,6235,769
YHSG,0.03006649,0.0024498787,2,6235,769
YHQG,0.030064687,0.00050731434,2,6235,769
FHAA,0.029816478,0.57152176,2,6235,769
KHYG,0.029705036,0.06985888,2,6235,769
YQWG,0.029678091,0.0014501031,2,6235,769
WDMA,0.029646564,0.23647153,2,6235,769
LPFG,0.029601004,0.019028494,2,6235,769
FHWA,0.02952135,0.0018790333,2,6235,769
FMCG,0.029326241,0.095209405,2,6235,769
FWLG,0.029254217,0.7376769,2,6235,769
LDMA,0.029243473,0.24954008,2,6235,769
ISGG,0.029191993,0.054974362,2,6235,769
YLFG,0.02918702,0.27380884,2,6235,769
LRAG,0.02915163,0.19710395,2,6235,769
IICG,0.0291094,0.2368033,2,6235,769
LYCA,0.029060937,0.5306798,2,6235,769
FHFS,0.02904208,0.018959062,2,6235,769
YAFG,0.029000964,0.32503894,2,6235,769
WFMA,0.028899271,0.3075268,2,6235,769
FVMA,0.028867807,0.29620028,2,6235,769
LFMA,0.02886647,0.21390003,2,6235,769
YHIA,0.028735664,0.00032784938,2,6235,769
WAMA,0.028720088,0.35099497,2,6235,769
WHGT,0.028661735,0.110404015,2,6235,769
WYHG,0.028636698,0.00041113212,2,6235,769
HHIG,0.028627768,0.0013041807,2,6235,769
EHYG,0.028416976,0.07241309,2,6235,769
FDMA,0.02832339,0.11721868,2,6235,769
IHMT,0.028217964,0.01962161,2,6235,769
IFGG,0.028181776,0.060261697,2,6235,769
LKTG,0.028167918,0.0008514166,2,6235,769
LNMS,0.02813296,0.10350609,2,6235,769
IVGG,0.028131805,0.052907877,2,6235,769
LQCA,0.028126523,0.4366505,2,6235,769
INCG,0.027975198,0.34291986,2,6235,769
FRAG,0.027945679,0.25272295,2,6235,769
FKHG,0.027901664,0.0,2,6235,769
VQFG,0.027829025,0.26496607,2,6235,769
YEYG,0.027825128,0.022840174,2,6235,769
MQCG,0.02760854,0.16297527,2,6235,769
LKQG,0.02755889,0.00076801755,2,6235,769
FHVS,0.027483791,0.00083995843,2,6235,769
WIFA,0.027472787,0.52711594,2,6235,769
LRGS,0.027369693,0.068726406,2,6235,769
LWGS,0.027362395,0.14082715,2,6235,769
WHLR,0.027312208,0.00077519525,2,6235,769
FHLV,0.02726667,0.045789633,2,6235,769
MHGA,0.027238052,0.1770689,2,6235,769
YHWA,0.027188685,0.0010905494,2,6235,769
LLGS,0.02718465,0.017136913,2,6235,769
FHGV,0.027152266,0.28283805,2,6235,769
IFCG,0.027147349,0.26775083,2,6235,769
FGGG,0.027064156,0.021214673,2,6235,769
IHMC,0.027051486,0.025997968,2,6235,769
MHFA,0.02694248,0.12231005,2,6235,769
LDMS,0.026920684,0.05362721,2,6235,769
FQHG,0.02686042,0.0018432421,2,6235,769
LTCA,0.026837923,0.27447864,2,6235,769
IHWA,0.026794218,0.0006356007,2,6235,769
IHMH,0.026641924,0.0017102247,2,6235,769
FHLH,0.026521664,0.0012126593,2,6235,769
FPFG,0.026430435,0.0071322904,2,6235,769
WYFA,0.026387647,0.31958213,2,6235,769
FMMA,0.026360396,0.11149611,2,6235,769
LLGA,0.02622116,0.08403276,2,6235,769
VTCG,0.026030418,0.15027437,2,6235,769
IECG,0.025922015,0.08216431,2,6235,769
FHLN,0.025845993,0.0009035501,2,6235,769
IHAA,0.025713798,0.47544438,2,6235,769
FHTA,0.02563418,0.0044322233,2,6235,769
LHVT,0.02533551,0.005088429,2,6235,769
VMFG,0.025296647,0.1233032,2,6235,769
IHMI,0.025292218,0.009216211,2,6235,769
LGMA,0.025283907,0.09374264,2,6235,769
LFCA,0.025083363,0.44891864,2,6235,769
FHGY,0.025018703,0.033497382,2,6235,769
WYFS,0.02487766,0.007075549,2,6235,769
FHLY,0.024578355,0.00034560793,2,6235,769
CLYG,0.024406392,0.033149153,2,6235,769
QYMG,0.024191733,0.057116255,2,6235,769
FWMA,0.02409333,0.37918124,2,6235,769
VKVG,0.02397585,0.019451726,2,6235,769
FHLW,0.023604482,0.0,2,6235,769
LKMD,0.023544256,0.004058561,2,6235,769
AIFG,0.023512509,0.349064,2,6235,769
IHGH,0.023424093,0.016358774,2,6235,769
LLWA,0.02336758,0.0010203266,2,6235,769
FHIH,0.023257881,0.001256756,2,6235,769
YHFV,0.023161668,0.25693563,2,6235,769
CHMH,0.023100685,0.0012859829,2,6235,769
LKEG,0.023004934,0.00027106507,2,6235,769
IHYH,0.023003697,0.0008212465,2,6235,769
FHWV,0.022925679,0.014462361,2,6235,769
LSVA,0.02270537,0.003315989,2,6235,769
LKCH,0.022452023,0.0006912158,2,6235,769
IHGI,0.02242976,0.13705048,2,6235,769
FLGS,0.022417732,0.1453608,2,6235,769
YHFM,0.022354119,0.0042536356,2,6235,769
WCFS,0.02218125,0.054079264,2,6235,769
FDGS,0.021801375,0.15335618,2,6235,769
LKCE,0.021596389,0.0007865037,2,6235,769
YHFQ,0.021105748,0.0005088706,2,6235,769
LYWV,0.020837326,0.00649861,2,6235,769
MHFV,0.020745765,0.070293136,2,6235,769
ARLG,0.020299245,0.2849593,2,6235,769
VWMA,0.019644521,0.14226256,2,6235,769
YIYC,0.019306216,0.0030162144,2,6235,769
WMMD,0.017991181,0.0027201418,2,6235,769
RNWG,0.017978419,0.00035840817,2,6235,769
WLML,0.017780475,0.0014335001,2,6235,769
FQYE,0.017434575,0.0,2,6235,769
LLWV,0.017297331,0.0005649565,2,6235,769
FPTG,0.016799636,0.00012343137,2,6235,769
LMWV,0.016412836,0.00030125628,2,6235,769
LICK,0.016144797,0.0014350502,2,6235,769
WRGQ,0.016068235,0.0036986757,2,6235,769
YHQH,0.015623235,0.0,2,6235,769
INYV,0.015600519,0.0053569223,2,6235,769
IMYV,0.015074622,0.00082287594,2,6235,769
WMWV,0.013527924,0.005286057,2,6235,769
LRAD,0.013193131,0.0024042288,2,6235,769
LNWK,0.012425561,0.00015890023,2,6235,769
CFWS,0.012215282,0.00057243544,2,6235,769
VRGQ,0.011925899,0.0106141055,2,6235,769
DHFM,0.010560394,0.0,2,6235,769
VDRA,0.01026599,0.00070442376,2,6235,769
MHPQ,0.01021481,0.0,2,6235,769
RSMM,0.010135195,0.00019539673,2,6235,769
ISAY,0.009944341,0.00089395116,2,6235,769
FWAM,0.009611643,0.065830074,2,6235,769
STVA,0.00913659,0.0003070121,2,6235,769
QVYC,0.00889166,0.0054036416,2,6235,769
GFMT,0.008871906,0.0004623517,2,6235,769
TKFC,0.008575902,0.0031598436,2,6235,769
FSHP,0.008249958,0.0,2,6235,769
KTGL,0.00805406,0.04842467,2,6235,769
KTYN,0.0077162487,0.00086401973,2,6235,769
LRNN,0.007364112,0.00017876276,2,6235,769
EAPG,0.0072880043,0.00077610195,2,6235,769
WREM,0.0071954643,0.00017457698,2,6235,769
TQYP,0.0067365495,0.0,2,6235,769
KLGQ,0.00665146,0.0018937419,2,6235,769
ERIA,0.006031948,0.0010772194,2,6235,769
YWCK,0.0057759685,0.0012249395,2,6235,769
AFLI,0.0057099117,0.0012021145,2,6235,769
MRNS,0.0056980466,0.0076355943,2,6235,769
NFMH,0.0053590937,0.0005120117,2,6235,769
QAQA,0.0050968127,0.00033525444,2,6235,769
KCMP,0.0049214205,0.0,2,6235,769
SFFL,0.004897493,0.00029238476,2,6235,769
AEMR,0.004882981,0.0006097272,2,6235,769
CPIT,0.0047154753,0.00097225956,2,6235,769
DEGI,0.0046781125,0.0017837827,2,6235,769
LLDE,0.0046756854,0.00033311607,2,6235,769
PTWV,0.004204395,0.00029944372,2,6235,769
DRCT,0.0039402926,0.0014336327,2,6235,769
ITNW,0.0036222907,0.00045325622,2,6235,769
NAEG,0.0034991754,0.0,2,6235,769
SSVC,0.003315688,0.0005708105,2,6235,769
TQIF,0.0031730765,0.0,2,6235,769
AWWM,0.0030880356,0.0012064903,2,6235,769
FGKC,0.0028478084,0.0,2,6235,769
QMCD,0.0025126347,0.0040084897,2,6235,769
CAAR,0.0018675225,0.00068312616,2,6235,769
ETIE,0.0017325887,0.0002211891,2,6235,769
SFQR,0.0012422251,0.0,2,6235,769
ATQE,0.0012338655,0.008811334,2,6235,769
SFEQ,0.00039537903,0.00030383116,2,6235,769
RMCR,-0.00030616764,0.0011380342,2,6235,769
NCRL,-0.00037581753,0.001164153,2,6235,769
QGRW,-0.0008249944,0.00031980537,2,6235,769
CLKH,-0.001121561,0.0006583008,2,6235,769
HRTY,-0.0014350666,0.00023332184,2,6235,769
NPQH,-0.0016292101,0.00047670057,2,6235,769
AARN,-0.001635165,0.0,2,6235,769
DATI,-0.0017398437,0.0,2,6235,769
GCNC,-0.0018894123,0.0,2,6235,769
PEQC,-0.001920999,0.0,2,6235,769
AMNT,-0.0021543829,0.0,2,6235,769
NDRI,-0.0022005523,0.0001105945,2,6235,769
NIER,-0.0024379278,0.00035296124,2,6235,769
NAAP,-0.0024938704,0.00032056388,2,6235,769
TGSK,-0.0025449554,0.0,2,6235,769
DGEF,-0.0028266022,0.0,2,6235,769
KSTY,-0.0028511593,0.00028562633,2,6235,769
TRTP,-0.0028796,0.00011917517,2,6235,769
NNIK,-0.0032038419,0.0015799218,2,6235,769
NSDE,-0.003665817,0.00015026427,2,6235,769
WWLG,0.56332654,0.69382507,3,9430,1153
LWLG,0.5129884,0.6498953,3,9430,1153
YWLG,0.503898,0.568064,3,9430,1153
LHAA,0.4988542,0.41312164,3,9430,1153
FRLG,0.48940897,0.44675708,3,9430,1153
LHCA,0.4702071,0.48656934,3,9430,1153
MWLG,0.46991625,0.51526546,3,9430,1153
WVFG,0.44663268,0.518634,3,9430,1153
FYLG,0.43396813,0.42029762,3,9430,1153
LRLG,0.43367296,0.5085378,3,9430,1153
FILG,0.42886323,0.4302261,3,9430,1153
WHAA,0.42522615,0.26855397,3,9430,1153
WWFG,0.424057,0.63991135,3,9430,1153
YRLG,0.4203893,0.476915,3,9430,1153
WAFG,0.41990292,0.49196577,3,9430,1153
FWLA,0.4174124,0.36941645,3,9430,1153
LILG,0.41715735,0.47030628,3,9430,1153
LWCA,0.41657203,0.72920364,3,9430,1153
FFLG,0.41071773,0.3782583,3,9430,1153
CWLG,0.40984425,0.41885254,3,9430,1153
FRFG,0.40877604,0.49177408,3,9430,1153
YRFG,0.4070003,0.43045753,3,9430,1153
FIFG,0.40164208,0.46127367,3,9430,1153
LSCA,0.39978316,0.53052664,3,9430,1153
WVFA,0.39904368,0.5294897,3,9430,1153
WILA,0.39387092,0.40551814,3,9430,1153
WHCA,0.39337832,0.46946943,3,9430,1153
WSFG,0.3906623,0.5112477,3,9430,1153
LVCA,0.38811165,0.4520526,3,9430,1153
LVLG,0.38133222,0.39709526,3,9430,1153
WLFG,0.3809452,0.3868158,3,9430,1153
LICA,0.3794416,0.5028127,3,9430,1153
WFFG,0.3778044,0.29846275,3,9430,1153
FWCA,0.37717775,0.7620898,3,9430,1153
LRCA,0.376965,0.5942575,3,9430,1153
WAFA,0.37532425,0.51196253,3,9430,1153
FVLG,0.37503695,0.40206322,3,9430,1153
MRLG,0.37323928,0.37594345,3,9430,1153
WQLG,0.36802298,0.3177629,3,9430,1153
LCCA,0.3661897,0.28679046,3,9430,1153
LRFG,0.3659693,0.38559735,3,9430,1153
MHAA,0.3621299,0.3197234,3,9430,1153
WFFA,0.36166596,0.24798836,3,9430,1153
WFCA,0.35923973,0.49450403,3,9430,1153
YHLG,0.3579706,0.40157288,3,9430,1153
WMFG,0.35379982,0.24620052,3,9430,1153
LYCG,0.3535788,0.3633325,3,9430,1153
LHLG,0.35285592,0.3889241,3,9430,1153
LWLA,0.35279542,0.51991785,3,9430,1153
LYLG,0.35264343,0.3776175,3,9430,1153
FFCA,0.34927776,0.43930605,3,9430,1153
YILG,0.34883678,0.4469118,3,9430,1153
WLLG,0.34781325,0.28503048,3,9430,1153
WQFA,0.34593213,0.3102811,3,9430,1153
LSLG,0.34343916,0.43842,3,9430,1153
IYCA,0.34009472,0.51177466,3,9430,1153
LKCA,0.33996743,0.478155,3,9430,1153
WRLA,0.33693492,0.48025495,3,9430,1153
MYCA,0.33634278,0.45494568,3,9430,1153
WYLA,0.33322138,0.34627616,3,9430,1153
WWFA,0.33241612,0.5892799,3,9430,1153
LALG,0.3314858,0.43234852,3,9430,1153
YKLG,0.33079344,0.36892354,3,9430,1153
LWFG,0.33043528,0.49214566,3,9430,1153
FWAA,0.3294218,0.8838785,3,9430,1153
AWLG,0.3286245,0.47002676,3,9430,1153
WSMA,0.3269348,0.37410727,3,9430,1153
LQLG,0.32657862,0.308472,3,9430,1153
FNLG,0.325889,0.4012788,3,9430,1153
YYLG,0.32400346,0.3903197,3,9430,1153
FRAA,0.32240888,0.42857906,3,9430,1153
WIFC,0.32232457,0.33495063,3,9430,1153
LMCA,0.322235,0.32558882,3,9430,1153
LILA,0.31884438,0.34792945,3,9430,1153
WVCA,0.31840605,0.4065967,3,9430,1153
IHCA,0.31725943,0.48184136,3,9430,1153
WNFA,0.3162781,0.37153563,3,9430,1153
CILG,0.31595856,0.2824376,3,9430,1153
FLLG,0.3153445,0.2629824,3,9430,1153
LVMA,0.31439233,0.31027505,3,9430,1153
WVLA,0.3126856,0.36942795,3,9430,1153
WILC,0.3125191,0.44274464,3,9430,1153
LFLG,0.3120795,0.32660505,3,9430,1153
LDCA,0.31003737,0.42000845,3,9430,1153
HHAA,0.30161577,0.33523968,3,9430,1153
MKLG,0.3014567,0.2652952,3,9430,1153
MVLG,0.30024135,0.29930857,3,9430,1153
VILG,0.29998833,0.31231272,3,9430,1153
LHGA,0.29941148,0.3339849,3,9430,1153
LHLA,0.29821217,0.27792636,3,9430,1153
WSCA,0.29737246,0.4865565,3,9430,1153
LSFG,0.29540825,0.33609056,3,9430,1153
YQFG,0.2935083,0.27812558,3,9430,1153
MHCA,0.29125822,0.37637815,3,9430,1153
FFFG,0.29048353,0.22602756,3,9430,1153
FWAG,0.29044354,0.656655,3,9430,1153
WGLG,0.29041046,0.2662682,3,9430,1153
FSLG,0.28921276,0.36451435,3,9430,1153
YQLG,0.28703934,0.27632052,3,9430,1153
WGFG,0.28692347,0.19480118,3,9430,1153
WQLC,0.28611603,0.30820093,3,9430,1153
HRLG,0.28594226,0.32684726,3,9430,1153
FFAA,0.2833509,0.6989,3,9430,1153
LMLG,0.2812572,0.23933834,3,9430,1153
LKLA,0.28118193,0.31645605,3,9430,1153
FWFA,0.2798686,0.24732038,3,9430,1153
IYCG,0.27961046,0.39420977,3,9430,1153
WYAA,0.27830657,0.3194099,3,9430,1153
IYAA,0.27782238,0.44646153,3,9430,1153
LECA,0.27780917,0.25490868,3,9430,1153
VYLG,0.27597684,0.22893068,3,9430,1153
FQAA,0.2759062,0.2570431,3,9430,1153
MNLG,0.27485746,0.3751247,3,9430,1153
CVLG,0.2748298,0.25138903,3,9430,1153
MWCA,0.2725034,0.58575636,3,9430,1153
LLLG,0.26897573,0.2811116,3,9430,1153
FIAA,0.26874793,0.4641554,3,9430,1153
WLCA,0.26696196,0.30736062,3,9430,1153
HIFG,0.26682287,0.25814253,3,9430,1153
MALG,0.26547086,0.31543428,3,9430,1153
MYCG,0.26540124,0.28587162,3,9430,1153
CWLA,0.26491868,0.10804184,3,9430,1153
LAFA,0.26486874,0.22921911,3,9430,1153
YFFG,0.2644856,0.17950211,3,9430,1153
CHLG,0.26367515,0.25383323,3,9430,1153
WKFC,0.2631572,0.2637405,3,9430,1153
LCLA,0.25965333,0.28343555,3,9430,1153
WVLC,0.25828618,0.4081404,3,9430,1153
IHGA,0.25747088,0.24506576,3,9430,1153
WQFC,0.25728875,0.17563328,3,9430,1153
IWLA,0.25595784,0.13629383,3,9430,1153
LCCG,0.25583363,0.1567085,3,9430,1153
FLFG,0.25521195,0.28028125,3,9430,1153
LWAA,0.25408593,0.60803336,3,9430,1153
LDLG,0.25277495,0.321783,3,9430,1153
FELG,0.25095826,0.15360351,3,9430,1153
YWCG,0.2495814,0.43907085,3,9430,1153
LHFA,0.24905473,0.17626533,3,9430,1153
WAAA,0.24717319,0.25711462,3,9430,1153
WWLV,0.24377355,0.53110033,3,9430,1153
CNLG,0.24330378,0.27283597,3,9430,1153
MVCA,0.24311075,0.3305343,3,9430,1153
MSCA,0.2428095,0.46844998,3,9430,1153
FRCA,0.24192822,0.38946012,3,9430,1153
FVMG,0.2395584,0.18334596,3,9430,1153
FGLG,0.23954248,0.09647608,3,9430,1153
LGCA,0.2393699,0.4184761,3,9430,1153
LFFG,0.23854709,0.21274692,3,9430,1153
WGFA,0.23831302,0.1065797,3,9430,1153
HILG,0.23682451,0.37644675,3,9430,1153
AVLG,0.2353952,0.2987836,3,9430,1153
YICA,0.23489767,0.5125793,3,9430,1153
FWLV,0.23488408,0.104562104,3,9430,1153
WQAA,0.23485786,0.16403365,3,9430,1153
AWFG,0.23416817,0.35328808,3,9430,1153
MICA,0.2328847,0.36518094,3,9430,1153
LFFA,0.2328744,0.057023764,3,9430,1153
WLMA,0.23270702,0.2148861,3,9430,1153
AKLG,0.23208141,0.25840837,3,9430,1153
LYFA,0.23133487,0.07313509,3,9430,1153
YYCG,0.23128575,0.3494215,3,9430,1153
FNCG,0.23120505,0.16648006,3,9430,1153
SWLG,0.23105922,0.12526236,3,9430,1153
WDCA,0.23032752,0.33768412,3,9430,1153
IRCA,0.22732645,0.44589147,3,9430,1153
WGLA,0.22644204,0.19434713,3,9430,1153
AYLG,0.22374982,0.20736474,3,9430,1153
HVLG,0.22359675,0.30726063,3,9430,1153
YELG,0.22295624,0.16874108,3,9430,1153
MRAA,0.21992055,0.40293735,3,9430,1153
QIFG,0.21905047,0.22321016,3,9430,1153
LWLC,0.21722251,0.3879935,3,9430,1153
CLLG,0.21696144,0.11939023,3,9430,1153
FQGA,0.21416986,0.17800748,3,9430,1153
MNAA,0.2134805,0.34277028,3,9430,1153
ANLG,0.21266985,0.5640321,3,9430,1153
WRLI,0.21210635,0.025224827,3,9430,1153
FSCA,0.21085697,0.38775223,3,9430,1153
WHMV,0.20940101,0.1394936,3,9430,1153
FNGA,0.20747021,0.3290134,3,9430,1153
AQLG,0.20454091,0.17014544,3,9430,1153
CYCG,0.20375383,0.023091165,3,9430,1153
MELG,0.20071149,0.11985273,3,9430,1153
WYMC,0.19783121,0.19513553,3,9430,1153
WWLI,0.1945692,0.046530627,3,9430,1153
WKMC,0.19279641,0.16260166,3,9430,1153
CHLA,0.19154423,0.065759756,3,9430,1153
LGLG,0.19100207,0.28152803,3,9430,1153
MKAA,0.19095728,0.30486315,3,9430,1153
LSGA,0.18888515,0.21443644,3,9430,1153
CDLG,0.1880573,0.19336347,3,9430,1153
MVMG,0.18650836,0.19100921,3,9430,1153
IIAA,0.18544236,0.42178872,3,9430,1153
ALFG,0.18446332,0.2146835,3,9430,1153
ASCA,0.18399769,0.5193606,3,9430,1153
HSFG,0.18233955,0.14934473,3,9430,1153
WLAA,0.18098053,0.13273965,3,9430,1153
FWVA,0.17896542,0.006175329,3,9430,1153
MDCA,0.17896345,0.3323028,3,9430,1153
CAMA,0.1785743,0.12128187,3,9430,1153
HQFG,0.17802876,0.10530876,3,9430,1153
LKLC,0.17783439,0.18433869,3,9430,1153
HCLG,0.17699319,0.21119557,3,9430,1153
IKCA,0.17539328,0.35345688,3,9430,1153
AYCG,0.17504519,0.16614018,3,9430,1153
WILT,0.17370456,0.4331892,3,9430,1153
WELV,0.17365363,0.1183204,3,9430,1153
RQLG,0.17227715,0.03158374,3,9430,1153
NRLG,0.17212075,0.011869721,3,9430,1153
MMCA,0.17178386,0.20506835,3,9430,1153
LYCM,0.17169315,0.08330653,3,9430,1153
LWAG,0.17124665,0.3353433,3,9430,1153
IGCA,0.16496074,0.3923894,3,9430,1153
FKLC,0.16138506,0.23501338,3,9430,1153
VVMG,0.1603812,0.13065538,3,9430,1153
GYLG,0.1592735,0.0026649283,3,9430,1153
GHCA,0.1552389,0.11173078,3,9430,1153
WWLR,0.15358108,0.0008521487,3,9430,1153
WNGA,0.15356189,0.09855191,3,9430,1153
LWLM,0.15181696,0.0059542935,3,9430,1153
WYMV,0.15022737,0.14535509,3,9430,1153
AKCA,0.1486068,0.33652335,3,9430,1153
LYCD,0.14701456,0.015943104,3,9430,1153
LWLD,0.14367214,0.0098745115,3,9430,1153
FRGS,0.14196667,0.32260764,3,9430,1153
WYRA,0.1411739,0.019808598,3,9430,1153
NNLG,0.13843429,0.011861605,3,9430,1153
WASA,0.13584843,0.020070152,3,9430,1153
SWLA,0.1357091,0.0062439465,3,9430,1153
NYCA,0.13557819,0.023098858,3,9430,1153
FWAV,0.1347771,0.025376141,3,9430,1153
RYCG,0.13427594,0.06615317,3,9430,1153
WIMI,0.13321316,0.11403295,3,9430,1153
ADCA,0.13225067,0.3607131,3,9430,1153
AVMG,0.13028818,0.18278818,3,9430,1153
PSLG,0.1286506,0.0017080236,3,9430,1153
LWLF,0.12746605,0.002475997,3,9430,1153
LWLL,0.1250324,0.0045144,3,9430,1153
YRLI,0.124653645,0.0032511733,3,9430,1153
YIGA,0.12145013,0.33922967,3,9430,1153
AQCG,0.11898125,0.11642277,3,9430,1153
YRVG,0.11390961,0.026701018,3,9430,1153
TDCA,0.11198581,0.2488377,3,9430,1153
MWLL,0.11189214,0.002650779,3,9430,1153
FRWG,0.11106885,0.005266406,3,9430,1153
LRLI,0.10999174,0.002666992,3,9430,1153
LWCD,0.10938419,0.009983079,3,9430,1153
LRLF,0.108648665,0.0026306466,3,9430,1153
DYLG,0.104558565,0.007540536,3,9430,1153
LWGV,0.103895225,0.40814328,3,9430,1153
FRGL,0.10303036,0.07663306,3,9430,1153
LCIA,0.09601075,0.003680401,3,9430,1153
MHPA,0.0924964,0.0004253636,3,9430,1153
IWGV,0.08973212,0.37528953,3,9430,1153
WYMN,0.08883331,0.002821289,3,9430,1153
HCMG,0.07667989,0.0342466,3,9430,1153
LWGE,0.073075525,0.007576789,3,9430,1153
WGSA,0.07245911,0.00081667164,3,9430,1153
LWGD,0.07158453,0.0055297264,3,9430,1153
GIAA,0.07093907,0.0023295118,3,9430,1153
FQPA,0.05932764,0.00053170446,3,9430,1153
RYCD,0.054428063,0.0053475685,3,9430,1153
QSYA,0.04639069,0.029459568,3,9430,1153
TRLF,0.04613387,0.0004893563,3,9430,1153
WEHC,0.04499393,0.00090651255,3,9430,1153
FDAM,0.044686474,0.00905731,3,9430,1153
FRRT,0.038786814,0.0007260035,3,9430,1153
QALR,0.036016032,0.00029311754,3,9430,1153
ICGD,0.031085059,0.012182075,3,9430,1153
IECN,0.02997639,0.00071628584,3,9430,1153
IRGR,0.024510734,0.00056894694,3,9430,1153
QRRA,0.023545407,0.0006642048,3,9430,1153
IVMP,0.019427903,0.0014414927,3,9430,1153
ADLD,0.018198721,0.0027574422,3,9430,1153
TFYA,0.017439537,0.0007275955,3,9430,1153
CACE,0.017394476,0.0007964627,3,9430,1153
HWPD,0.017345235,0.0052692047,3,9430,1153
MQCQ,0.016590841,0.00086401973,3,9430,1153
EVIA,0.013908967,0.0006743568,3,9430,1153
EQGS,0.013824787,0.0033487475,3,9430,1153
IQEG,0.01248949,0.0,3,9430,1153
IDYE,0.012325279,0.0,3,9430,1153
RVYC,0.01103086,0.0019174668,3,9430,1153
LLMP,0.010634206,0.0017061513,3,9430,1153
PSNE,0.009791017,0.0010634089,3,9430,1153
SPHA,0.009621307,0.000257436,3,9430,1153
ELEM,0.0089387,0.0,3,9430,1153
DRGS,0.008571483,0.00084038393,3,9430,1153
MRNT,0.008408882,0.003267824,3,9430,1153
MDNS,0.008145228,0.0053085373,3,9430,1153
YYFH,0.0077826753,0.0011133677,3,9430,1153
CEVG,0.0074596927,0.0040326677,3,9430,1153
DQMT,0.007372752,0.0,3,9430,1153
PHWV,0.0069262832,0.0,3,9430,1153
FFPR,0.006886676,0.00038832347,3,9430,1153
CAYY,0.0068583414,0.00074726035,3,9430,1153
PHNC,0.0068002753,0.0,3,9430,1153
WDET,0.0063721165,0.0002618533,3,9430,1153
FRVS,0.0058774427,0.00036527668,3,9430,1153
LAVN,0.0058387592,0.0004452927,3,9430,1153
HFRT,0.005787939,0.00035977404,3,9430,1153
SGGP,0.005031584,0.00034462882,3,9430,1153
NEIA,0.0050259754,0.0,3,9430,1153
ESSM,0.0046382025,0.0009182203,3,9430,1153
INDY,0.004555866,0.0003753208,3,9430,1153
GVMS,0.0041982234,0.00021914371,3,9430,1153
GPKT,0.0039019324,0.0,3,9430,1153
EWIY,0.0038434714,0.0,3,9430,1153
IHFW,0.003705345,0.00040960938,3,9430,1153
LIDI,0.003546942,0.00053427304,3,9430,1153
SGGE,0.0033273455,0.00043336413,3,9430,1153
RYDV,0.0032261144,6.076623e-05,3,9430,1153
KAPF,0.0028039254,0.0004151446,3,9430,1153
SGEW,0.0027222745,0.00019891108,3,9430,1153
SIKR,0.0026141517,0.00047945604,3,9430,1153
TFDT,0.0023869239,0.0,3,9430,1153
QWNS,0.0022511594,0.00067908916,3,9430,1153
IPSP,0.0021315739,0.00020932719,3,9430,1153
EPKK,0.0021014716,0.0,3,9430,1153
RIKQ,0.0018241853,0.00044167144,3,9430,1153
NLKK,0.0017131697,0.0,3,9430,1153
PCNV,0.0016770791,0.00025135124,3,9430,1153
KVEV,0.0015919134,0.00022357382,3,9430,1153
RDQI,0.0013765916,0.00020977721,3,9430,1153
EAVN,0.0012670085,0.00036142007,3,9430,1153
AGLK,0.0011040196,0.0,3,9430,1153
RAAP,0.0007616915,0.00034699016,3,9430,1153
IAVN,0.0007204935,0.00021186686,3,9430,1153
SFDM,0.00033757836,0.00016962353,3,9430,1153
NTQD,0.00011792779,0.008128968,3,9430,1153
SLKK,0.000108404085,0.00047807433,3,9430,1153
QYDC,2.5063753e-05,0.0003291504,3,9430,1153
ETQC,-0.00036552548,0.00058826874,3,9430,1153
GNRE,-0.00046869367,0.00024467814,3,9430,1153
NGPL,-0.00071424246,0.00020819758,3,9430,1153
GQDS,-0.0007881336,0.00034778152,3,9430,1153
ARKD,-0.0015262626,0.021181181,3,9430,1153
LEHF,-0.0016204193,0.0,3,9430,1153
QARS,-0.001681678,0.00029428003,3,9430,1153
CRKE,-0.002673395,0.0016106,3,9430,1153
RSTN,-0.0032072365,0.0002585843,3,9430,1153
SSTQ,-0.0034274012,0.00016244786,3,9430,1153
VNTD,-0.0036124662,0.0,3,9430,1153
IPCY,-0.0038926601,0.00038669413,3,9430,1153
CGAQ,-0.003977917,0.00062482787,3,9430,1153
IPPC,-0.0041702837,0.00022850114,3,9430,1153
SAHD,-0.0045052767,0.0023576026,3,9430,1153
EKAW,-0.0053777285,0.0,3,9430,1153
SKMP,-0.0055948347,0.00010800247,3,9430,1153
ENGY,-0.00597053,0.00035829764,3,9430,1153
GMEI,-0.0061066076,0.0,3,9430,1153
PGFK,-0.0066111386,0.00074726035,3,9430,1153
SFIC,-0.006848581,0.00058952306,3,9430,1153
TGPH,-0.007500522,0.0,3,9430,1153
LVDR,-0.007989533,0.0003780729,3,9430,1153
NYYP,-0.008425318,0.00034560793,3,9430,1153
FGEE,-0.009258322,0.0007899609,3,9430,1153
TTPD,-0.009419665,0.0017489993,3,9430,1153
SRIH,-0.009519748,0.00026778335,3,9430,1153
IPPV,-0.01000239,0.00044061567,3,9430,1153
IPSQ,-0.010232694,0.00034998267,3,9430,1153
KQHS,-0.010247387,0.00038268004,3,9430,1153
SCHQ,-0.010278631,0.00055297266,3,9430,1153
SNHQ,-0.011977881,0.00016858923,3,9430,1153
WRYM,-0.012403272,0.0011177107,3,9430,1153
RVII,-0.012798667,0.00019907016,3,9430,1153
RLWY,-0.01367458,0.00026886837,3,9430,1153
FTNA,-0.014059953,0.00064299145,3,9430,1153
HMTD,-0.015129998,0.0,3,9430,1153
SGWQ,-0.015560165,0.00018744834,3,9430,1153
HQHL,-0.015759677,0.00034778152,3,9430,1153
PSVK,-0.019814707,0.00016028194,3,9430,1153
CLVC,-0.022718318,0.0012094363,3,9430,1153
PYIY,-0.02380924,0.0,3,9430,1153
HKNG,-0.026493013,0.00048506376,3,9430,1153
RNIM,-0.026559867,0.00021268176,3,9430,1153
FPMF,-0.034412272,0.0,3,9430,1153
YLHW,-0.03476522,0.0001067515,3,9430,1153
IETQ,-0.037907235,0.0,3,9430,1153
RSWY,-0.038287662,0.00022064598,3,9430,1153
CKTL,-0.040098496,0.0008378374,3,9430,1153
HKTY,-0.047330648,0.0,3,9430,1153
YPVH,-0.05372683,0.00020664146,3,9430,1153
IHWQ,-0.06730918,0.0006826823,3,9430,1153
WWCA,0.764184,0.73461795,4,12671,1537
YWCA,0.61610997,0.6027101,4,12671,1537
WWAA,0.60965335,0.41982874,4,12671,1537
FWCG,0.6044048,0.43904123,4,12671,1537
YWAA,0.5945201,0.57216406,4,12671,1537
IWCA,0.5928458,0.6060298,4,12671,1537
WWLA,0.5664432,0.6346239,4,12671,1537
FWFG,0.5545448,0.52186793,4,12671,1537
MWAA,0.53173935,0.4531611,4,12671,1537
YFAA,0.4840434,0.5650018,4,12671,1537
VWCA,0.4837332,0.5406935,4,12671,1537
WICA,0.48145637,0.39945072,4,12671,1537
FWMG,0.47977582,0.30931908,4,12671,1537
FWGA,0.4772561,0.49956912,4,12671,1537
WWLC,0.4762211,0.69176656,4,12671,1537
YYCA,0.47468153,0.46443248,4,12671,1537
WWMG,0.46956518,0.49594036,4,12671,1537
ISCA,0.46590808,0.49896404,4,12671,1537
WRCA,0.46108416,0.5367764,4,12671,1537
LNCA,0.45789883,0.57884896,4,12671,1537
IWCG,0.45639566,0.48441428,4,12671,1537
MRCA,0.45013586,0.46905893,4,12671,1537
VWLG,0.44740942,0.44132176,4,12671,1537
INCA,0.4398457,0.54149586,4,12671,1537
FICA,0.43605056,0.39106625,4,12671,1537
VSCA,0.43409798,0.5445462,4,12671,1537
WACA,0.43388262,0.46219492,4,12671,1537
IICA,0.42869106,0.32890704,4,12671,1537
LFAA,0.42016396,0.39387694,4,12671,1537
MWCG,0.41895297,0.4540798,4,12671,1537
IFCA,0.41604927,0.36282918,4,12671,1537
LACA,0.4152154,0.54882914,4,12671,1537
WRLC,0.4095671,0.51591796,4,12671,1537
LRLA,0.4081706,0.4071076,4,12671,1537
AWCA,0.4054012,0.642299,4,12671,1537
YIAA,0.40388024,0.4476192,4,12671,1537
WCFA,0.403374,0.4453483,4,12671,1537
WFAA,0.40307048,0.2207073,4,12671,1537
YRCA,0.3982816,0.48062128,4,12671,1537
HWLG,0.39674905,0.4761958,4,12671,1537
LWGA,0.39395395,0.27711523,4,12671,1537
HWAA,0.392419,0.096920714,4,12671,1537
VRCA,0.3876646,0.48396897,4,12671,1537
YNLG,0.38688233,0.38574106,4,12671,1537
WRMA,0.38664004,0.42892635,4,12671,1537
VHAA,0.38347593,0.51554304,4,12671,1537
FNAA,0.3830123,0.39565933,4,12671,1537
VNLG,0.38299397,0.46903634,4,12671,1537
FYAG,0.38068238,0.65570164,4,12671,1537
VYCA,0.38042977,0.5407047,4,12671,1537
MFAA,0.38042232,0.26132417,4,12671,1537
VNCA,0.37626234,0.54779893,4,12671,1537
MFCA,0.37038282,0.2852997,4,12671,1537
WWGA,0.36904886,0.26311043,4,12671,1537
HSCA,0.3649442,0.36938995,4,12671,1537
YHAA,0.36336097,0.5488027,4,12671,1537
FVCA,0.36295626,0.3574214,4,12671,1537
FALG,0.35755977,0.38863012,4,12671,1537
FRGA,0.35666725,0.36608645,4,12671,1537
YHCA,0.35645136,0.46900564,4,12671,1537
ASLG,0.35482237,0.27889055,4,12671,1537
ASAA,0.3541743,0.16269037,4,12671,1537
WYLC,0.3522794,0.39674792,4,12671,1537
YIMA,0.35091737,0.33682078,4,12671,1537
WKLC,0.35064623,0.39334238,4,12671,1537
YACA,0.34925976,0.44731057,4,12671,1537
WNLA,0.34735087,0.42393413,4,12671,1537
ANAA,0.3472748,0.21417955,4,12671,1537
WCLA,0.34720662,0.34581652,4,12671,1537
IWGA,0.3462926,0.23664995,4,12671,1537
WNLC,0.34463865,0.44136572,4,12671,1537
LVAA,0.34121856,0.40077633,4,12671,1537
VFAA,0.33698598,0.43311968,4,12671,1537
FWGG,0.33458742,0.2718782,4,12671,1537
YFLG,0.33376208,0.3317526,4,12671,1537
CSCA,0.3318707,0.03225315,4,12671,1537
CWCA,0.3318232,0.18251897,4,12671,1537
KSCA,0.33063284,0.36163223,4,12671,1537
YWMG,0.32750383,0.38434637,4,12671,1537
FKAA,0.32129708,0.36509183,4,12671,1537
CFAA,0.3187286,0.13336399,4,12671,1537
LALA,0.31614384,0.38195053,4,12671,1537
FIGA,0.31368712,0.32057732,4,12671,1537
FWIG,0.3133947,0.024576562,4,12671,1537
LLCA,0.31281438,0.3198636,4,12671,1537
VNAA,0.31205627,0.54470915,4,12671,1537
WWIG,0.31152287,0.11468374,4,12671,1537
VWAG,0.30622295,0.48868126,4,12671,1537
FWYG,0.30427054,0.12399992,4,12671,1537
FACA,0.3036048,0.40715694,4,12671,1537
VACA,0.3032301,0.5776955,4,12671,1537
RWCA,0.3003796,0.09078948,4,12671,1537
FNCA,0.30037406,0.378065,4,12671,1537
AHAA,0.29795924,0.24730165,4,12671,1537
AALG,0.29744276,0.27470255,4,12671,1537
HNLG,0.29564896,0.26274788,4,12671,1537
ASMA,0.2932817,0.09677021,4,12671,1537
ILCA,0.29311833,0.23297028,4,12671,1537
FWAC,0.2926667,0.31642324,4,12671,1537
WVLV,0.29237166,0.3268373,4,12671,1537
VSAA,0.29145113,0.54937875,4,12671,1537
QWCA,0.2906454,0.37029734,4,12671,1537
YIMG,0.29009607,0.2560097,4,12671,1537
HFAA,0.28749296,0.07279321,4,12671,1537
LWYG,0.286737,0.26632428,4,12671,1537
FDAA,0.28592014,0.24970852,4,12671,1537
MVAA,0.2855218,0.33401364,4,12671,1537
FICG,0.28276584,0.26334637,4,12671,1537
FRMA,0.28208354,0.27833986,4,12671,1537
ISCG,0.28167006,0.2951935,4,12671,1537
IILG,0.2799026,0.2840885,4,12671,1537
WIAA,0.27938297,0.31033412,4,12671,1537
WTCA,0.27846503,0.25488037,4,12671,1537
WVLT,0.2772155,0.38581374,4,12671,1537
HALG,0.27360812,0.23750424,4,12671,1537
MRLA,0.27308872,0.23236902,4,12671,1537
LDAA,0.27289176,0.31170952,4,12671,1537
VSCG,0.27243802,0.28553742,4,12671,1537
MAAA,0.27138996,0.34875733,4,12671,1537
YLAA,0.2705484,0.2789058,4,12671,1537
YRLC,0.2693855,0.3712286,4,12671,1537
YDLG,0.26866004,0.25527856,4,12671,1537
YNAA,0.26677743,0.39628544,4,12671,1537
FRMG,0.26609245,0.23299733,4,12671,1537
HKAA,0.26578584,0.1733518,4,12671,1537
CYAA,0.26271638,0.2544538,4,12671,1537
IALG,0.26057264,0.34751585,4,12671,1537
LWWG,0.2598643,0.002623593,4,12671,1537
FWHG,0.25924447,0.0,4,12671,1537
CNAA,0.2592112,0.35455114,4,12671,1537
YRMG,0.25809345,0.28248972,4,12671,1537
HWFG,0.2578034,0.24796227,4,12671,1537
LPCA,0.25695327,0.35674572,4,12671,1537
IWMG,0.25448802,0.245812,4,12671,1537
WRAA,0.2522677,0.3093595,4,12671,1537
FWHA,0.25174347,0.0,4,12671,1537
AWIG,0.2515308,0.0040329094,4,12671,1537
YNLA,0.25033876,0.19279316,4,12671,1537
FWCT,0.25011376,0.035780583,4,12671,1537
FSMA,0.24761023,0.20275664,4,12671,1537
VVAA,0.24701105,0.4542208,4,12671,1537
ACLG,0.24603744,0.24245724,4,12671,1537
ITCA,0.24470396,0.2337591,4,12671,1537
FFAC,0.24112643,0.23176503,4,12671,1537
WWGG,0.23795493,0.12914127,4,12671,1537
CWMG,0.2321992,0.3166496,4,12671,1537
WFGA,0.23078032,0.14990228,4,12671,1537
VAAA,0.22897668,0.6255503,4,12671,1537
FWCS,0.22830452,0.06665972,4,12671,1537
WTLA,0.22792585,0.20319062,4,12671,1537
MCCA,0.22529735,0.1783944,4,12671,1537
VDAA,0.22433831,0.41944376,4,12671,1537
IWGC,0.2239495,0.3985512,4,12671,1537
RKAA,0.22101094,0.028068434,4,12671,1537
FALA,0.2179469,0.21905285,4,12671,1537
WHGA,0.21592642,0.20248558,4,12671,1537
WELA,0.2156036,0.1647341,4,12671,1537
SRCA,0.21547784,0.22097403,4,12671,1537
FIMT,0.2105601,0.1028969,4,12671,1537
FWAK,0.20413794,0.0,4,12671,1537
IWGG,0.20400842,0.09722884,4,12671,1537
LSHA,0.20375128,0.0009784333,4,12671,1537
GWCA,0.20014866,0.009943807,4,12671,1537
FYLA,0.19913258,0.15800682,4,12671,1537
PRCA,0.19831721,0.011384731,4,12671,1537
FVGS,0.19816633,0.31359223,4,12671,1537
ASHA,0.1977566,0.0,4,12671,1537
FWRA,0.19703276,0.0011059452,4,12671,1537
WWYV,0.19141237,0.046721563,4,12671,1537
YFLC,0.19010498,0.1353631,4,12671,1537
YWGG,0.18802424,0.02185401,4,12671,1537
FCGS,0.1824015,0.26210904,4,12671,1537
LIAG,0.17985629,0.20789695,4,12671,1537
FWGI,0.17951103,0.10389183,4,12671,1537
FWEG,0.17200132,0.00080201734,4,12671,1537
IWGL,0.1699947,0.39512783,4,12671,1537
LIHA,0.16690095,0.0019749023,4,12671,1537
KALG,0.16567685,0.14091884,4,12671,1537
IWGS,0.16515775,0.16562939,4,12671,1537
STCA,0.16452472,0.10714879,4,12671,1537
RVCA,0.16386251,0.23894598,4,12671,1537
WCGA,0.1622573,0.13183162,4,12671,1537
IWMA,0.1596203,0.09873111,4,12671,1537
YFAC,0.15916993,0.028699603,4,12671,1537
CECA,0.15914382,0.01836994,4,12671,1537
MIMT,0.1530865,0.074905485,4,12671,1537
CNLA,0.14711209,0.06250559,4,12671,1537
MWWA,0.14699496,0.003524441,4,12671,1537
AWLT,0.14650019,0.28775057,4,12671,1537
FWEA,0.1446714,0.0,4,12671,1537
YCMG,0.14230116,0.21682349,4,12671,1537
LAHA,0.14204086,0.0017027017,4,12671,1537
KSLA,0.14146133,0.006478248,4,12671,1537
VYMG,0.14059295,0.12569672,4,12671,1537
MFAC,0.13744931,0.09422586,4,12671,1537
MCMA,0.13666634,0.17418638,4,12671,1537
FWMT,0.13608588,0.07116123,4,12671,1537
LWNA,0.13138355,0.0018477214,4,12671,1537
WWKG,0.13042153,0.00093292934,4,12671,1537
VWAT,0.12922956,0.025748726,4,12671,1537
HWWG,0.12902148,0.0025491647,4,12671,1537
FEGS,0.12772004,0.111986905,4,12671,1537
FAGC,0.12218575,0.25688094,4,12671,1537
CLLG,0.12209791,0.11939023,4,12671,1537
SILG,0.11659844,0.07857874,4,12671,1537
MCCG,0.11282244,0.09562455,4,12671,1537
WVLL,0.11198114,0.003225702,4,12671,1537
FCGC,0.111558065,0.16081348,4,12671,1537
HFAC,0.111202195,0.002689799,4,12671,1537
GFCA,0.10510774,0.0031902269,4,12671,1537
FWCK,0.10483721,0.0025920593,4,12671,1537
FWCK,0.1048366,0.0025920593,4,12671,1537
FCGI,0.10436131,0.02606871,4,12671,1537
AECG,0.103885606,0.06679276,4,12671,1537
VCMG,0.10083865,0.15389717,4,12671,1537
AIMT,0.100279376,0.04147295,4,12671,1537
MRQA,0.09908022,0.0012639374,4,12671,1537
LALY,0.098232284,0.0006303315,4,12671,1537
FACC,0.08505489,0.045884963,4,12671,1537
VSRA,0.0847314,0.0011765376,4,12671,1537
FAMC,0.08340533,0.035868496,4,12671,1537
MIWA,0.08260812,0.0037399116,4,12671,1537
ANST,0.08027421,0.0019749023,4,12671,1537
AHCI,0.07561748,0.017533243,4,12671,1537
QIFY,0.07542318,0.0005403642,4,12671,1537
AACI,0.0735261,0.008819547,4,12671,1537
AWMT,0.072958246,0.027648631,4,12671,1537
VNAH,0.06979301,0.00038400877,4,12671,1537
QWHG,0.06700784,0.0004981735,4,12671,1537
FRHG,0.065928936,0.0,4,12671,1537
YVMS,0.062223587,0.068634495,4,12671,1537
MWKG,0.0622073,0.00017953658,4,12671,1537
MSMF,0.058392134,0.00086157204,4,12671,1537
IDVG,0.052083123,0.02942968,4,12671,1537
MKMS,0.048691604,0.046833396,4,12671,1537
MAMS,0.044606045,0.048585724,4,12671,1537
HFGT,0.04286495,0.0967102,4,12671,1537
YDCF,0.04267776,0.00080725935,4,12671,1537
MFGH,0.04034201,0.03575805,4,12671,1537
CDEA,0.037641395,0.0005442644,4,12671,1537
FYEC,0.037127092,0.0,4,12671,1537
INIH,0.036152307,0.0005709157,4,12671,1537
IIFY,0.036096204,0.0003127673,4,12671,1537
VCGM,0.032106265,0.16400892,4,12671,1537
TYGF,0.030310847,0.32057467,4,12671,1537
YCLE,0.030298036,0.0015799218,4,12671,1537
YKGL,0.029950816,0.04664171,4,12671,1537
FFCM,0.029323941,0.053857233,4,12671,1537
QNVR,0.029020485,0.00023325617,4,12671,1537
IVST,0.02876911,0.004011104,4,12671,1537
TKGS,0.02801865,0.03366954,4,12671,1537
CSLF,0.026054446,0.0018587315,4,12671,1537
IKGM,0.02532552,0.17687677,4,12671,1537
MWQQ,0.023709843,0.0016927734,4,12671,1537
LYKP,0.023155333,0.00014667709,4,12671,1537
NPGL,0.023018332,0.0002965884,4,12671,1537
GSYL,0.022361886,0.00038173655,4,12671,1537
QYMP,0.022295648,0.00033513492,4,12671,1537
RVAR,0.022238417,0.00020031467,4,12671,1537
DIMH,0.021172214,0.0,4,12671,1537
QRGL,0.019337084,0.06043975,4,12671,1537
ATET,0.019217223,0.0,4,12671,1537
DALV,0.017486248,0.00023040529,4,12671,1537
MKGW,0.015612293,0.010223447,4,12671,1537
SKGF,0.015428914,0.018202016,4,12671,1537
FPAK,0.014886384,0.00034417387,4,12671,1537
GSYW,0.014620613,0.0002211891,4,12671,1537
QKMS,0.014374338,0.0027420132,4,12671,1537
RFTW,0.014364198,0.00012859827,4,12671,1537
EGYL,0.014065351,0.0,4,12671,1537
YPEF,0.014037736,0.00012859827,4,12671,1537
TRMW,0.012455039,0.0,4,12671,1537
GGKV,0.011336756,0.0,4,12671,1537
EIIQ,0.011098027,0.00037363017,4,12671,1537
MRIT,0.011090573,0.00038897907,4,12671,1537
NGAL,0.01107597,0.00017280396,4,12671,1537
PPTY,0.011021182,0.00021770572,4,12671,1537
DVHF,0.00928108,0.0,4,12671,1537
DPCT,0.008938797,0.0,4,12671,1537
RAQD,0.008791377,0.0,4,12671,1537
GAKR,0.008443842,0.00027240027,4,12671,1537
KNTR,0.007153053,0.00041210698,4,12671,1537
MNPI,0.0065735094,0.00021770572,4,12671,1537
MAAM,0.0064593293,0.027047575,4,12671,1537
QMTS,0.0059400573,0.00025557555,4,12671,1537
QMCP,0.005853489,0.0007848644,4,12671,1537
PEAI,0.0055526793,0.0003291504,4,12671,1537
PDEC,0.005334124,0.00070893933,4,12671,1537
KSPD,0.0051483624,0.0010927771,4,12671,1537
GFFV,0.0049094595,0.0017585702,4,12671,1537
GFSC,0.004860658,0.00042700587,4,12671,1537
KCTD,0.0048144143,0.0011047513,4,12671,1537
EWWF,0.0046981536,0.00025919854,4,12671,1537
HSPN,0.004594989,0.0003538216,4,12671,1537
LPEF,0.0044158287,0.00016263903,4,12671,1537
EFSF,0.0043080375,0.0004937255,4,12671,1537
RVYF,0.0042216294,0.0003185326,4,12671,1537
NASD,0.004156979,0.001289023,4,12671,1537
KKFR,0.0039147027,0.0002592059,4,12671,1537
PANQ,0.0036725756,0.0,4,12671,1537
CKKC,0.00332959,0.0010054049,4,12671,1537
CWIV,0.0030418374,0.0019986962,4,12671,1537
TASR,0.003022273,0.0,4,12671,1537
YSNR,0.002843598,0.00024072196,4,12671,1537
QAWY,0.0026988648,0.0003683415,4,12671,1537
DENE,0.002352329,0.0,4,12671,1537
DMTF,0.0022168756,0.0,4,12671,1537
TGDR,0.0021325331,0.0004007048,4,12671,1537
CDQL,0.0019335672,0.00094525237,4,12671,1537
SFTQ,0.00161805,0.0002044261,4,12671,1537
TQTS,0.0015315842,0.0,4,12671,1537
EEKQ,0.0011840146,0.0009372418,4,12671,1537
PDPV,0.0011068732,0.00031780035,4,12671,1537
PEQL,0.0011020228,0.0,4,12671,1537
TYVW,0.0010817833,0.0,4,12671,1537
WTDT,0.0008442588,0.00033717847,4,12671,1537
IDNF,0.000672441,0.0,4,12671,1537
EDQT,0.00057710335,0.0,4,12671,1537
TADY,-1.1023134e-05,0.0,4,12671,1537
EFMY,-0.00037150458,0.0,4,12671,1537
TWTH,-0.00039830245,0.0,4,12671,1537
CYAD,-0.00041750818,0.0099414,4,12671,1537
QPSH,-0.0006953459,0.00024065538,4,12671,1537
PKTL,-0.0016685054,0.00015739263,4,12671,1537
KGRW,-0.0020361934,0.00023369155,4,12671,1537
TPRV,-0.0022439323,0.0,4,12671,1537
KIRE,-0.0024446845,0.00015163781,4,12671,1537
TSIG,-0.003098648,0.00035221182,4,12671,1537
NPPV,-0.0032713078,0.00042319336,4,12671,1537
DEVH,-0.0037955642,0.0,4,12671,1537
MDDI,-0.003956776,0.00015275492,4,12671,1537
SEHF,-0.0053698607,0.0004253636,4,12671,1537
KEFN,-0.0055267476,0.00022074755,4,12671,1537
THDM,-0.0056205653,0.0,4,12671,1537
HCMT,-0.0062922463,0.0047397655,4,12671,1537
YMSV,-0.0075441245,0.00043343566,4,12671,1537
THKY,-0.007874355,0.0025797023,4,12671,1537
HKDG,-0.008579187,0.0005945942,4,12671,1537
GTSF,-0.008895755,0.0004065975,4,12671,1537
CEDP,-0.009064084,0.0003445313,4,12671,1537
RCHV,-0.010227449,0.0012760907,4,12671,1537
RAHD,-0.010539265,0.0,4,12671,1537
YQIH,-0.010949489,0.00045700217,4,12671,1537
VGQD,-0.011059659,0.025730431,4,12671,1537
PFNG,-0.011226945,0.00011815652,4,12671,1537
EMNM,-0.011401506,0.00034134116,4,12671,1537
LYPE,-0.012309959,0.0001510854,4,12671,1537
YAPE,-0.013239499,0.00025135124,4,12671,1537
RCVT,-0.013966028,0.0018643802,4,12671,1537
AQHN,-0.014655609,0.004346023,4,12671,1537
PYHH,-0.015559658,0.0,4,12671,1537
GFPM,-0.016183663,0.0,4,12671,1537
HGRQ,-0.016863085,0.00036094815,4,12671,1537
CEHV,-0.016888667,0.00032149578,4,12671,1537
MTRS,-0.016989011,0.00036024273,4,12671,1537
WKQM,-0.01729728,0.00016028194,4,12671,1537
GKAR,-0.018378552,0.00015679756,4,12671,1537
ARHH,-0.018489148,0.0023399668,4,12671,1537
TMYF,-0.018804569,0.0,4,12671,1537
ECLQ,-0.019784268,0.0011520264,4,12671,1537
GYQD,-0.0213754,0.06157346,4,12671,1537
KCPK,-0.024127968,0.0012859829,4,12671,1537
CNRK,-0.024137087,0.0011548569,4,12671,1537
MHER,-0.025256623,0.0,4,12671,1537
NKIV,-0.02674368,0.0,4,12671,1537
SEEG,-0.028149303,0.0,4,12671,1537
MKEQ,-0.028232608,0.00034778152,4,12671,1537
YLHN,-0.028371848,0.00024253188,4,12671,1537
MCFM,-0.02840988,0.0036379779,4,12671,1537
LKSQ,-0.03014176,0.00018275768,4,12671,1537
VCWL,-0.033592742,0.0020435946,4,12671,1537
KCCH,-0.03414867,0.00041266615,4,12671,1537
PKSG,-0.03589522,0.00015799214,4,12671,1537
NRSG,-0.041347533,0.0007275955,4,12671,1537
NYLV,-0.04340824,0.00021600493,4,12671,1537
PHLI,-0.044308875,0.00056425773,4,12671,1537
CQWQ,-0.05057433,0.0010737333,4,12671,1537
ILIG,-0.05086271,0.002733239,4,12671,1537
WHRD,-0.056168217,0.0019749023,4,12671,1537
FGHW,-0.05724437,0.0,4,12671,1537
LMSE,-0.06251903,9.8044824e-05,4,12671,1537
FKVL,-0.06949818,0.00027106507,4,12671,1537
LCHD,-0.07446021,0.0106344465,4,12671,1537
FGFW,-0.08763152,0.0,4,12671,1537
FYAA,0.7033378,0.8115687,5,15914,1921
VWAA,0.5439722,0.61774945,5,15914,1921
IWAA,0.5427285,0.60950506,5,15914,1921
VYAA,0.53049666,0.5202131,5,15914,1921
VHCA,0.49956128,0.5107968,5,15914,1921
VRAA,0.49096194,0.5382238,5,15914,1921
LNLG,0.48278186,0.4370681,5,15914,1921
FYCA,0.47875518,0.56679696,5,15914,1921
LYAA,0.47447345,0.49366334,5,15914,1921
LRAA,0.45437312,0.46885478,5,15914,1921
ANCA,0.4540764,0.7623123,5,15914,1921
INAA,0.45369792,0.50351787,5,15914,1921
VCAA,0.45134395,0.41170102,5,15914,1921
MACA,0.4394918,0.47140917,5,15914,1921
YCAA,0.43291068,0.33869573,5,15914,1921
VKAA,0.42928293,0.46569434,5,15914,1921
WSLG,0.42637134,0.46747953,5,15914,1921
IWAG,0.42287934,0.4808951,5,15914,1921
FAAA,0.42138886,0.40680578,5,15914,1921
YNCA,0.42120633,0.4419662,5,15914,1921
IVAA,0.42093414,0.41321227,5,15914,1921
IFAA,0.42009473,0.37927574,5,15914,1921
LNAA,0.41580793,0.44525883,5,15914,1921
VMAA,0.4148667,0.29240346,5,15914,1921
IRAA,0.40746397,0.554466,5,15914,1921
FYGA,0.3954807,0.54883146,5,15914,1921
VTAA,0.39473858,0.27226463,5,15914,1921
WNFG,0.39083716,0.42561683,5,15914,1921
VICA,0.38748544,0.4011386,5,15914,1921
ICAA,0.38674223,0.38316688,5,15914,1921
WALC,0.38502312,0.42186323,5,15914,1921
WRLT,0.3841773,0.5189193,5,15914,1921
VGAA,0.38122332,0.338183,5,15914,1921
WFLG,0.37980422,0.37651998,5,15914,1921
VEAA,0.37168813,0.20426314,5,15914,1921
WHMA,0.3709783,0.35030332,5,15914,1921
FSAA,0.37025324,0.4315467,5,15914,1921
MWAG,0.36738577,0.24339005,5,15914,1921
YSLG,0.3607685,0.3788336,5,15914,1921
AFCA,0.35139647,0.4055133,5,15914,1921
YWLC,0.35139292,0.3892752,5,15914,1921
YCFG,0.34320635,0.33918005,5,15914,1921
MIFG,0.3431977,0.29363355,5,15914,1921
WVFV,0.3399481,0.49963847,5,15914,1921
VAFG,0.3393913,0.45303172,5,15914,1921
AWAA,0.3375963,0.040871892,5,15914,1921
MSAA,0.3352067,0.35259682,5,15914,1921
YSFG,0.33135802,0.35285375,5,15914,1921
WSLT,0.33081335,0.3330571,5,15914,1921
FWGV,0.32601768,0.3208799,5,15914,1921
FCFG,0.31679565,0.3449889,5,15914,1921
FGAA,0.31624913,0.21715276,5,15914,1921
IRFG,0.3157457,0.2636745,5,15914,1921
WDLC,0.314124,0.28316417,5,15914,1921
WNLV,0.30760232,0.32413647,5,15914,1921
WRFV,0.30222192,0.5642418,5,15914,1921
LQAA,0.29698172,0.28755412,5,15914,1921
WSLV,0.29682946,0.23943153,5,15914,1921
IQAA,0.29393828,0.35198614,5,15914,1921
ANCG,0.2930575,0.21515435,5,15914,1921
VNLA,0.29232275,0.1453346,5,15914,1921
WWMV,0.29115492,0.23385392,5,15914,1921
MWGC,0.28836888,0.2872102,5,15914,1921
YQAA,0.28758556,0.24502935,5,15914,1921
VLAA,0.28750634,0.27221254,5,15914,1921
MIAA,0.2868463,0.33421913,5,15914,1921
CAAA,0.28647783,0.33893123,5,15914,1921
FYAS,0.28629202,0.49657494,5,15914,1921
WYLT,0.2859363,0.35113764,5,15914,1921
IAFG,0.28386027,0.30552852,5,15914,1921
VWGC,0.28377336,0.42763218,5,15914,1921
VWGV,0.28191182,0.39356664,5,15914,1921
CRFG,0.28118843,0.3469335,5,15914,1921
MCAA,0.28117657,0.21449828,5,15914,1921
CRAA,0.28062016,0.31916925,5,15914,1921
FPAA,0.27929026,0.113823295,5,15914,1921
LFGV,0.2788887,0.40643904,5,15914,1921
YNFG,0.27780542,0.28253445,5,15914,1921
ANLA,0.2765984,0.05466889,5,15914,1921
ILAA,0.2762049,0.25153887,5,15914,1921
WCLV,0.27322435,0.23370202,5,15914,1921
ISFG,0.27208966,0.27845153,5,15914,1921
YMLG,0.26998907,0.23199575,5,15914,1921
KHCA,0.26931375,0.36615756,5,15914,1921
ITAA,0.26562613,0.23857263,5,15914,1921
FFGS,0.26394373,0.4357698,5,15914,1921
LHGV,0.26015073,0.33863938,5,15914,1921
FFGV,0.25991735,0.36321434,5,15914,1921
MCFG,0.25967276,0.23303038,5,15914,1921
HNAA,0.25933218,0.22995953,5,15914,1921
IFGV,0.2575975,0.31952158,5,15914,1921
LVFA,0.256926,0.24286628,5,15914,1921
HRAA,0.25437832,0.23262776,5,15914,1921
WNAA,0.25357753,0.26053026,5,15914,1921
LQFG,0.25353953,0.20893797,5,15914,1921
IVAG,0.2485899,0.26755023,5,15914,1921
FTAA,0.24635187,0.2516812,5,15914,1921
FWCC,0.24567753,0.1758453,5,15914,1921
LTAA,0.245496,0.23139256,5,15914,1921
AYAA,0.2449665,0.07372969,5,15914,1921
FVGV,0.2442737,0.16012214,5,15914,1921
AWFA,0.24260533,0.1903502,5,15914,1921
ACFG,0.23754486,0.24710965,5,15914,1921
ANLP,0.23613083,0.008219863,5,15914,1921
MMAA,0.23541476,0.21251403,5,15914,1921
MQAA,0.23375338,0.23831156,5,15914,1921
WCAA,0.2334061,0.21913119,5,15914,1921
FNMA,0.2319297,0.1852265,5,15914,1921
VVFA,0.23164983,0.14799817,5,15914,1921
WKAA,0.2301489,0.24896057,5,15914,1921
WLLV,0.22899476,0.1650593,5,15914,1921
IHGV,0.2289566,0.28927898,5,15914,1921
MIMA,0.22817624,0.2269284,5,15914,1921
FIGS,0.22448376,0.31230035,5,15914,1921
IVGV,0.22326718,0.16926803,5,15914,1921
WWLM,0.22258788,0.010793833,5,15914,1921
FMGS,0.22187898,0.17627956,5,15914,1921
LILC,0.22141674,0.2773725,5,15914,1921
WRLM,0.22014865,0.006622215,5,15914,1921
HRFG,0.21982095,0.1575639,5,15914,1921
LCGV,0.2193649,0.14468522,5,15914,1921
WNLM,0.21796393,0.005935691,5,15914,1921
TWGF,0.21794587,0.45620245,5,15914,1921
WYCC,0.21769965,0.1706439,5,15914,1921
TFGF,0.21596882,0.17611481,5,15914,1921
LAGV,0.21417786,0.22800541,5,15914,1921
FYAW,0.21228147,0.0027648632,5,15914,1921
RHCA,0.21153843,0.24932966,5,15914,1921
YWGC,0.2104583,0.37886098,5,15914,1921
WDLV,0.20926204,0.21052805,5,15914,1921
VILA,0.20832755,0.08692075,5,15914,1921
ERCA,0.20713034,0.45165378,5,15914,1921
VWGA,0.20660074,0.20311752,5,15914,1921
VIMA,0.20648104,0.12168382,5,15914,1921
WRFM,0.2050972,0.0073777437,5,15914,1921
WNMC,0.20502943,0.15586622,5,15914,1921
FVGM,0.2037466,0.12634376,5,15914,1921
IYGA,0.20359547,0.24565688,5,15914,1921
QAAA,0.20072019,0.08155443,5,15914,1921
IMGC,0.19736616,0.10485891,5,15914,1921
IHGC,0.19609202,0.3135937,5,15914,1921
WIMV,0.19492486,0.12811,5,15914,1921
MIAG,0.19366404,0.1482744,5,15914,1921
WSFP,0.1903641,0.052393615,5,15914,1921
MWFA,0.18847194,0.18455487,5,15914,1921
GSCA,0.18485138,0.012092341,5,15914,1921
WWFP,0.18182808,0.054051295,5,15914,1921
LIGC,0.18155295,0.17730363,5,15914,1921
ISGC,0.17863852,0.27826038,5,15914,1921
TWGV,0.1786342,0.32856864,5,15914,1921
IHGL,0.17781799,0.22831587,5,15914,1921
EIFG,0.17482126,0.17023657,5,15914,1921
MHGV,0.17401874,0.20551562,5,15914,1921
AILC,0.17263168,0.013824316,5,15914,1921
TAFG,0.17260706,0.13537058,5,15914,1921
IRGC,0.17213696,0.26275912,5,15914,1921
AAFA,0.17051116,0.10910001,5,15914,1921
WIGC,0.16975766,0.10535688,5,15914,1921
LGGV,0.16917394,0.073784634,5,15914,1921
ISCC,0.16594636,0.21806572,5,15914,1921
FWAP,0.16356081,0.005134746,5,15914,1921
FIGM,0.16272497,0.12809366,5,15914,1921
CGAA,0.16113338,0.096728615,5,15914,1921
IYGI,0.16103871,0.3067988,5,15914,1921
HEAA,0.15910244,0.038545445,5,15914,1921
WAGC,0.15542324,0.101701595,5,15914,1921
WKFP,0.15437037,0.041344285,5,15914,1921
MSGA,0.15220092,0.12722115,5,15914,1921
EAAA,0.15170658,0.11126643,5,15914,1921
RNAA,0.15079552,0.02495472,5,15914,1921
IFGI,0.14895533,0.18184386,5,15914,1921
MWLV,0.1485982,0.053792283,5,15914,1921
FVGW,0.14699966,0.02811137,5,15914,1921
ERAA,0.14691898,0.1484006,5,15914,1921
WLMC,0.1392838,0.0827636,5,15914,1921
FVGR,0.13891159,0.0005553108,5,15914,1921
CHLC,0.13818336,0.011904272,5,15914,1921
WSFL,0.13643898,0.0053079035,5,15914,1921
MSGV,0.13628271,0.13250527,5,15914,1921
GNFG,0.13507456,0.08145941,5,15914,1921
MSGC,0.13414243,0.16049933,5,15914,1921
WDMC,0.13384345,0.104282685,5,15914,1921
WCMC,0.13335586,0.06359185,5,15914,1921
IMLG,0.1329276,0.097384214,5,15914,1921
QLFG,0.13180682,0.105968766,5,15914,1921
ENFG,0.12996064,0.06794276,5,15914,1921
CRFC,0.1289226,0.021643799,5,15914,1921
TFGM,0.12819524,0.4098199,5,15914,1921
DIFG,0.1258354,0.005671514,5,15914,1921
IRFC,0.12578844,0.015399238,5,15914,1921
PIFG,0.124599785,0.0012333962,5,15914,1921
VSPA,0.12231049,0.0008548085,5,15914,1921
WSPA,0.117108464,0.0011748183,5,15914,1921
VSCE,0.11684847,0.0011721365,5,15914,1921
WVLW,0.11462781,0.0015225018,5,15914,1921
WSSA,0.11390634,0.015230943,5,15914,1921
WKFL,0.11249757,0.003646128,5,15914,1921
TGAA,0.11005932,0.014801793,5,15914,1921
ISGI,0.10871306,0.06728825,5,15914,1921
IRGS,0.10719678,0.16534634,5,15914,1921
MWYC,0.10629082,0.009165711,5,15914,1921
IGCF,0.10431126,0.001642493,5,15914,1921
GDAA,0.10031888,0.00081528013,5,15914,1921
VNLD,0.09520692,0.00599994,5,15914,1921
IRFV,0.0938458,0.0108036185,5,15914,1921
VVPA,0.09304104,0.0009769835,5,15914,1921
VSGI,0.091750376,0.058958657,5,15914,1921
WLFP,0.0911068,0.01872419,5,15914,1921
FIGD,0.08934042,0.020892005,5,15914,1921
TGGV,0.08241567,0.025209047,5,15914,1921
AYCY,0.08231145,0.0017382919,5,15914,1921
CWPC,0.080857456,0.00036864838,5,15914,1921
QSGA,0.08030757,0.03522961,5,15914,1921
WIMF,0.07828769,0.0020900695,5,15914,1921
VWYC,0.070364,0.009433063,5,15914,1921
FIAW,0.069695294,0.0007029313,5,15914,1921
LRFW,0.06556478,0.0005851562,5,15914,1921
LIGN,0.062335856,0.046123523,5,15914,1921
TFGN,0.05611199,0.17609227,5,15914,1921
EGGV,0.05447048,0.0054886895,5,15914,1921
VNPP,0.053728364,6.4449036e-05,5,15914,1921
GQAA,0.053043127,0.0013597688,5,15914,1921
ASLR,0.051984355,0.0003711226,5,15914,1921
CDLV,0.043894157,0.0035798505,5,15914,1921
AVME,0.039389864,0.0,5,15914,1921
VAEQ,0.038162254,0.0,5,15914,1921
IAYF,0.03606385,0.00023431043,5,15914,1921
YQLP,0.035606652,0.0010670088,5,15914,1921
INWP,0.03513737,0.0003323153,5,15914,1921
WIGY,0.034845263,0.03313593,5,15914,1921
VNNL,0.034211155,0.00063743244,5,15914,1921
FTGH,0.03354275,0.0018229868,5,15914,1921
LAAS,0.03226009,0.023992615,5,15914,1921
IFTC,0.031717375,0.00047853403,5,15914,1921
LWPF,0.025636168,0.00039498045,5,15914,1921
TMGS,0.024533512,0.010274829,5,15914,1921
ADMP,0.022679703,0.0,5,15914,1921
ANSL,0.021034708,0.00037363017,5,15914,1921
IKES,0.019742118,0.0,5,15914,1921
KKMG,0.019559862,0.012692501,5,15914,1921
QWRL,0.019404719,0.0003438885,5,15914,1921
KCNF,0.018663066,0.0017280395,5,15914,1921
MCAT,0.017834963,0.015139891,5,15914,1921
MKLQ,0.017558219,0.00025985556,5,15914,1921
FVHG,0.017077,0.00031418898,5,15914,1921
WMMY,0.016485425,0.00038886964,5,15914,1921
VISW,0.01627721,0.0005659077,5,15914,1921
YIND,0.015182989,0.0021287897,5,15914,1921
WPDT,0.013870554,0.00023705952,5,15914,1921
KNSA,0.013238044,0.0015512434,5,15914,1921
IDNV,0.012728224,0.000307207,5,15914,1921
EVGE,0.012268009,0.0008624344,5,15914,1921
YRHH,0.012039321,0.000153178,5,15914,1921
VKLL,0.011677312,0.0011027178,5,15914,1921
VPNM,0.011397013,0.00038400877,5,15914,1921
HLQN,0.01096742,0.00066623214,5,15914,1921
IVSI,0.010687234,0.004245154,5,15914,1921
QFRD,0.010175856,0.002897704,5,15914,1921
EFMP,0.00924422,0.0,5,15914,1921
PAFL,0.007813888,0.00015935811,5,15914,1921
HSFS,0.007746698,0.0026325667,5,15914,1921
VFKY,0.0076911016,0.00012859827,5,15914,1921
KCMT,0.007470937,0.0027648632,5,15914,1921
WCTC,0.007208751,0.0005368667,5,15914,1921
IHSR,0.006438689,0.00033211568,5,15914,1921
NEDS,0.0063148006,0.00053170446,5,15914,1921
GNHW,0.0055457815,0.0,5,15914,1921
AYNR,0.0055142283,0.0,5,15914,1921
SEEM,0.005475664,0.0,5,15914,1921
LRDS,0.005331611,0.00025365717,5,15914,1921
EMAW,0.0042568534,0.00022850114,5,15914,1921
ACWQ,0.004203306,0.0060229595,5,15914,1921
MAEW,0.003973709,0.0,5,15914,1921
LMNC,0.0038981899,0.0009122646,5,15914,1921
PCNH,0.0033308356,0.00024253188,5,15914,1921
AWHH,0.003286989,0.004079762,5,15914,1921
EIPW,0.0032300889,0.00028800662,5,15914,1921
HYNY,0.003227131,0.0,5,15914,1921
HALD,0.0025516464,0.0,5,15914,1921
CAKW,0.002370493,0.0008253323,5,15914,1921
DIMH,0.0023430674,0.0,5,15914,1921
LCTS,0.0023282035,0.0015310318,5,15914,1921
RSED,0.002256365,0.0,5,15914,1921
ICER,0.002188982,0.00036220913,5,15914,1921
YDLK,0.0016434654,0.00030466812,5,15914,1921
DMGD,0.0014705821,0.00045517672,5,15914,1921
DHHL,0.0011313795,0.0,5,15914,1921
KAQN,0.00070642075,7.089395e-05,5,15914,1921
DGTL,0.00066067046,0.0004189187,5,15914,1921
AYRP,0.00039767614,0.0,5,15914,1921
TCHS,0.00038065156,0.0,5,15914,1921
MKCD,0.0002220585,0.007270682,5,15914,1921
QLDG,0.00019721081,0.00027144517,5,15914,1921
EAQQ,0.00016883155,0.0,5,15914,1921
PCEW,0.0001167818,0.0,5,15914,1921
LITT,-0.0002406598,0.0004808458,5,15914,1921
HNND,-0.00075134495,0.0043709655,5,15914,1921
PFWY,-0.0010356144,0.0,5,15914,1921
NCDN,-0.001199326,0.0,5,15914,1921
SQTL,-0.0012444467,6.255346e-05,5,15914,1921
SIYN,-0.0021309094,0.00026165904,5,15914,1921
EPPT,-0.0023467825,0.00078547245,5,15914,1921
RGKN,-0.0024526329,0.00021943364,5,15914,1921
SLFD,-0.002458124,0.0022118906,5,15914,1921
VQLE,-0.0028176294,0.00027927916,5,15914,1921
SSDV,-0.0028975294,0.0001877666,5,15914,1921
GDEK,-0.003386578,0.00022478565,5,15914,1921
DQWV,-0.0036186562,0.0,5,15914,1921
RSTF,-0.003660588,0.00051658694,5,15914,1921
QMTG,-0.0037999065,0.00030789123,5,15914,1921
SGAD,-0.004006131,0.0,5,15914,1921
DHYN,-0.004010184,0.0,5,15914,1921
KTFR,-0.004044293,0.00017780473,5,15914,1921
SDQT,-0.004079676,0.000213503,5,15914,1921
NQQH,-0.004109739,0.00089189137,5,15914,1921
DYEN,-0.004183686,0.0,5,15914,1921
QMQT,-0.004202916,0.00014501032,5,15914,1921
DSDQ,-0.004313285,0.00034998267,5,15914,1921
NTGR,-0.0045092725,0.00030262183,5,15914,1921
KHFI,-0.0046428726,0.0027106502,5,15914,1921
DDHY,-0.004786311,0.0013334259,5,15914,1921
LQYE,-0.0057855234,0.0003291504,5,15914,1921
ARYN,-0.0059770034,0.0018640389,5,15914,1921
IHLN,-0.0060021863,0.00054213003,5,15914,1921
NFRE,-0.0061042146,0.0004893563,5,15914,1921
NQEI,-0.006444028,0.00089189137,5,15914,1921
EPYY,-0.0064826,0.0,5,15914,1921
DASK,-0.006532422,0.0,5,15914,1921
TTMF,-0.0066864328,0.0,5,15914,1921
YLTE,-0.007052383,0.00035774574,5,15914,1921
NELT,-0.0075424747,0.000106204745,5,15914,1921
SRHW,-0.0076178,0.0,5,15914,1921
SNNP,-0.00799649,0.00047945604,5,15914,1921
AFVR,-0.008417843,0.00027240027,5,15914,1921
QTTM,-0.008918634,0.0002229728,5,15914,1921
PQKY,-0.009084908,0.0,5,15914,1921
RRSL,-0.009179538,0.00030413104,5,15914,1921
HKED,-0.0092008095,0.00352367,5,15914,1921
SKGR,-0.00968278,0.00026806156,5,15914,1921
QTPD,-0.010749726,0.00083728175,5,15914,1921
DTMS,-0.011891289,0.0,5,15914,1921
GCHC,-0.012901215,0.00086718757,5,15914,1921
GKTP,-0.01366627,0.00034560793,5,15914,1921
KMVC,-0.013915865,0.0006231602,5,15914,1921
QQTA,-0.014378874,0.00083572697,5,15914,1921
SKFF,-0.01503153,0.0002755678,5,15914,1921
PPMS,-0.0151637625,0.00025600588,5,15914,1921
RMTK,-0.015648602,6.6303655e-05,5,15914,1921
TYIT,-0.015751122,0.0,5,15914,1921
WGED,-0.015798477,0.0010240235,5,15914,1921
YMNL,-0.017542092,0.00023990132,5,15914,1921
AIDI,-0.017971931,0.0,5,15914,1921
WMVG,-0.018200813,0.008394862,5,15914,1921
GDYA,-0.018699555,0.0030460358,5,15914,1921
RTRW,-0.018888889,0.00027191325,5,15914,1921
DQHI,-0.021864226,0.003500308,5,15914,1921
LTKF,-0.02220442,0.00018681504,5,15914,1921
IQIH,-0.023279844,0.00016756746,5,15914,1921
CRWM,-0.023650495,0.001006813,5,15914,1921
GKMK,-0.023711232,0.00019749023,5,15914,1921
IILL,-0.024541466,0.0009783362,5,15914,1921
VSII,-0.024610875,5.8952264e-05,5,15914,1921
DTCI,-0.025325632,0.0,5,15914,1921
PMHY,-0.026046513,0.00021433049,5,15914,1921
MHHR,-0.029107211,0.0,5,15914,1921
IPFF,-0.029281242,0.00017554691,5,15914,1921
TMCK,-0.030174626,0.0016263901,5,15914,1921
RGHG,-0.0322327,0.00036807108,5,15914,1921
MHAK,-0.03301695,0.0,5,15914,1921
AWDK,-0.035461143,0.0018944419,5,15914,1921
HMNK,-0.036126554,0.00039498045,5,15914,1921
MEFD,-0.03709668,0.0023917858,5,15914,1921
GLAQ,-0.037352517,0.00021186686,5,15914,1921
WAHE,-0.038651243,0.00015550411,5,15914,1921
SWEE,-0.052043155,0.000942567,5,15914,1921
WQQF,-0.056365013,0.00010433449,5,15914,1921
HFVK,-0.057157397,0.00036540045,5,15914,1921
NSLL,-0.058644027,0.00013430981,5,15914,1921
NHIG,-0.05982855,0.00058826874,5,15914,1921
KMNA,-0.05996239,0.00029147658,5,15914,1921
MRVF,-0.060288757,0.0003811582,5,15914,1921
VMWY,-0.06867397,0.00055575144,5,15914,1921
WEHF,-0.07921994,0.0,5,15914,1921
FLWP,-0.08634925,0.00022992623,5,15914,1921
