{"run_id": "15:00:16-05/19/2022", "exp_name": "BO_EVO_proposal-function=UCB", "encoder_name": "ESM_esm-1v", "model_name": "GPyTorch", "landscape_name": "GB1_combo", "rounds": 5, "expmt_queries_per_round": 384, "model_queries_per_round": 3072}
sequence,model_score,true_score,round,model_cost,measurement_cost
NHGL,,0.0994094,0,0,1
QHGL,,0.124631524,1,0,76
MHGL,,0.15884075,1,0,76
KHGL,,0.18722676,1,0,76
SHGL,,0.15594767,1,0,76
GHGL,,0.013866592,1,0,76
AHGL,,0.104164615,1,0,76
FHGL,,0.12450804,1,0,76
RHGL,,0.18205042,1,0,76
PHGL,,0.011769351,1,0,76
YHGL,,0.11711111,1,0,76
LHGL,,0.15812993,1,0,76
VHGL,,0.2463582,1,0,76
HHGL,,0.09622178,1,0,76
WHGL,,0.13280843,1,0,76
IHGL,,0.22831587,1,0,76
CHGL,,0.17759137,1,0,76
DHGL,,0.13436718,1,0,76
EHGL,,0.2085582,1,0,76
THGL,,0.230479,1,0,76
NQGL,,0.013439335,1,0,76
NMGL,,0.014185736,1,0,76
NKGL,,0.013992223,1,0,76
NSGL,,0.03093382,1,0,76
NGGL,,0.0048730387,1,0,76
NAGL,,0.034053475,1,0,76
NFGL,,0.12838219,1,0,76
NRGL,,0.034879435,1,0,76
NPGL,,0.0002965884,1,0,76
NYGL,,0.1972113,1,0,76
NLGL,,0.0069446093,1,0,76
NNGL,,0.02291323,1,0,76
NVGL,,0.03014066,1,0,76
NWGL,,0.2169223,1,0,76
NIGL,,0.026497748,1,0,76
NCGL,,0.042489443,1,0,76
NDGL,,0.005230822,1,0,76
NEGL,,0.006458075,1,0,76
NTGL,,0.0118215,1,0,76
NHQL,,0.0,1,0,76
NHML,,0.0,1,0,76
NHKL,,0.0,1,0,76
NHSL,,0.0,1,0,76
NHAL,,0.0005266406,1,0,76
NHFL,,0.00011765375,1,0,76
NHRL,,0.00031562365,1,0,76
NHPL,,0.00037874837,1,0,76
NHYL,,0.00023835024,1,0,76
NHLL,,0.00030438858,1,0,76
NHNL,,0.0,1,0,76
NHVL,,0.00015890023,1,0,76
NHHL,,0.00054213003,1,0,76
NHWL,,0.00031780035,1,0,76
NHIL,,0.0007899609,1,0,76
NHCL,,0.0006010572,1,0,76
NHDL,,0.00030383116,1,0,76
NHEL,,0.0,1,0,76
NHTL,,0.00017173064,1,0,76
NHGQ,,0.0051268986,1,0,76
NHGM,,0.18773189,1,0,76
NHGK,,0.00041266615,1,0,76
NHGS,,0.005122716,1,0,76
NHGG,,0.0033238793,1,0,76
NHGA,,0.004007048,1,0,76
NHGF,,0.019992089,1,0,76
NHGR,,0.00037062506,1,0,76
NHGP,,0.00035446967,1,0,76
NHGY,,0.0011318154,1,0,76
NHGN,,0.013497758,1,0,76
NHGV,,0.018363643,1,0,76
NHGH,,0.0074634342,1,0,76
NHGW,,0.064769484,1,0,76
NHGI,,0.015936365,1,0,76
NHGC,,0.08943731,1,0,76
NHGD,,0.006134913,1,0,76
NHGE,,0.0013534296,1,0,76
NHGT,,0.007773886,1,0,76
VWGM,0.36392075,0.504667,2,3191,461
TWGM,0.36113578,0.43609434,2,3191,461
VYGM,0.3568476,0.36402047,2,3191,461
EWGM,0.3490817,0.40919974,2,3191,461
IWGM,0.34118772,0.52750933,2,3191,461
EYGM,0.33973944,0.20299917,2,3191,461
IYGM,0.33458933,0.38073045,2,3191,461
KYGM,0.32176757,0.4232874,2,3191,461
RWGM,0.32146683,0.40177137,2,3191,461
VWGL,0.31018803,0.36913234,2,3191,461
SWGM,0.30887723,0.44376054,2,3191,461
TWGL,0.30887428,0.33861807,2,3191,461
VHGM,0.30624488,0.48163494,2,3191,461
TYGL,0.3035558,0.40214688,2,3191,461
CWGM,0.30345967,0.4029685,2,3191,461
VFGM,0.30185443,0.40689883,2,3191,461
VYGL,0.3007496,0.335296,2,3191,461
SYGM,0.3005077,0.36650896,2,3191,461
EWGL,0.29671767,0.23749976,2,3191,461
CYGM,0.2963741,0.3507348,2,3191,461
THGM,0.2958664,0.25883827,2,3191,461
MWGM,0.295694,0.29487732,2,3191,461
DWGM,0.29387826,0.18922032,2,3191,461
MYGM,0.289807,0.25923732,2,3191,461
LWGM,0.28728282,0.41064903,2,3191,461
IFGM,0.28647906,0.3539701,2,3191,461
IWGL,0.28559068,0.39512783,2,3191,461
EYGL,0.2845344,0.21699409,2,3191,461
QWGM,0.28388953,0.35741618,2,3191,461
VWGC,0.28219423,0.42763218,2,3191,461
LYGM,0.27896136,0.37513632,2,3191,461
IYGL,0.27773085,0.37405136,2,3191,461
VYGC,0.27757815,0.40617454,2,3191,461
EFGM,0.27712187,0.2101296,2,3191,461
TWGC,0.27689135,0.21693543,2,3191,461
TYGC,0.27577907,0.3456079,2,3191,461
EHGM,0.27533087,0.27444905,2,3191,461
NWGM,0.27458182,0.30882117,2,3191,461
QYGM,0.2732369,0.3317836,2,3191,461
VWNM,0.27313024,0.00063414295,2,3191,461
KWGL,0.27257338,0.34516826,2,3191,461
VWRM,0.27089557,0.00022850114,2,3191,461
VWSM,0.2693033,0.0064408747,2,3191,461
VWKM,0.2661748,0.0,2,3191,461
VWEM,0.26614115,0.0,2,3191,461
VWDM,0.26469085,0.00025135124,2,3191,461
RWGL,0.2637766,0.31498843,2,3191,461
TYAM,0.26215482,0.0049372558,2,3191,461
VWHM,0.26181567,0.00058826874,2,3191,461
VYNM,0.2617126,0.00047945604,2,3191,461
VYEM,0.26116127,0.00020633308,2,3191,461
EWNM,0.2602646,0.00092162105,2,3191,461
TWMM,0.2600041,0.0,2,3191,461
VWTM,0.2597845,0.00060434174,2,3191,461
EWRM,0.2594945,0.0,2,3191,461
KFGM,0.25945327,0.42065418,2,3191,461
FWGM,0.25880185,0.33869573,2,3191,461
VYKM,0.25824758,0.0,2,3191,461
TYNM,0.25810364,0.0,2,3191,461
VYDM,0.25782996,0.0001291992,2,3191,461
VYAM,0.25736383,0.12637728,2,3191,461
IYGC,0.25723615,0.4525078,2,3191,461
YWGM,0.2568258,0.3195135,2,3191,461
EWSM,0.2553309,0.00062837807,2,3191,461
EWAM,0.25469476,0.03594322,2,3191,461
VWMM,0.25452933,0.0026880614,2,3191,461
TWLM,0.25445417,0.0,2,3191,461
TWGW,0.2540512,0.020736475,2,3191,461
RYGL,0.25398698,0.24538846,2,3191,461
TYMM,0.2539524,0.0,2,3191,461
WWGM,0.2535312,0.34415618,2,3191,461
SWGL,0.25347224,0.2856029,2,3191,461
HWGM,0.25307703,0.27669036,2,3191,461
IWNM,0.25281253,0.00029729717,2,3191,461
TYEM,0.2527793,0.0,2,3191,461
EWKM,0.25260752,0.00166556,2,3191,461
EYRM,0.25086403,0.0,2,3191,461
IWSM,0.25040582,0.009979684,2,3191,461
EWMM,0.24994832,0.0018432421,2,3191,461
EWHM,0.24961612,0.0,2,3191,461
IWEM,0.24862176,0.0,2,3191,461
CFGM,0.24829534,0.23195389,2,3191,461
IWKM,0.24824819,0.0,2,3191,461
VWVM,0.24821827,0.0005709157,2,3191,461
EWVM,0.24805948,0.0,2,3191,461
EWTM,0.24792796,0.00078713684,2,3191,461
TYCM,0.24782044,0.005027024,2,3191,461
IYRM,0.24780765,0.0006696901,2,3191,461
EYNM,0.24768335,0.0,2,3191,461
VYCM,0.24747825,0.020263039,2,3191,461
VRGM,0.24660844,0.23943466,2,3191,461
WYGM,0.24608743,0.26507622,2,3191,461
EYQM,0.24600855,0.0012671304,2,3191,461
EYSM,0.24527213,0.0019068022,2,3191,461
IWTM,0.24512672,0.00013041809,2,3191,461
IYEM,0.24505559,0.0,2,3191,461
EWLM,0.24492192,0.0022570312,2,3191,461
VFGL,0.24341777,0.2687656,2,3191,461
EWIM,0.24285373,0.0,2,3191,461
IWAM,0.24254295,0.33100474,2,3191,461
SYGL,0.24245778,0.27008685,2,3191,461
IYKM,0.2422907,0.0011849414,2,3191,461
EWCM,0.24203062,0.09270424,2,3191,461
EYEM,0.24181572,0.00089048163,2,3191,461
EYMM,0.24178955,0.0014464922,2,3191,461
IYTM,0.24121514,0.00044237808,2,3191,461
IYAM,0.23885077,0.13910493,2,3191,461
VWWM,0.23870075,0.00074726035,2,3191,461
TFGL,0.23770273,0.26835787,2,3191,461
EYGW,0.2371678,0.0,2,3191,461
TCGM,0.23630476,0.12064858,2,3191,461
KWNM,0.23606881,0.0,2,3191,461
ICGM,0.23457676,0.1669133,2,3191,461
LFGM,0.23438713,0.28908285,2,3191,461
IRGM,0.23370802,0.20359448,2,3191,461
TWGF,0.23290002,0.45620245,2,3191,461
KWQM,0.23252302,0.0,2,3191,461
TRGM,0.23109671,0.15892687,2,3191,461
MHGM,0.23105761,0.22235566,2,3191,461
RYGC,0.23071691,0.23591106,2,3191,461
IYGW,0.23067883,0.068166964,2,3191,461
EWWM,0.22937176,0.0,2,3191,461
SHGM,0.22894669,0.28922075,2,3191,461
MYGL,0.22837201,0.24855815,2,3191,461
IYCM,0.22832006,0.012771035,2,3191,461
LWGL,0.22816202,0.29315907,2,3191,461
LHGM,0.22736087,0.28402686,2,3191,461
VIGM,0.2273063,0.09354845,2,3191,461
KWVM,0.22725362,0.0,2,3191,461
KYSM,0.22635779,0.0006356007,2,3191,461
IWVM,0.22608188,0.00077701075,2,3191,461
RWAM,0.22516358,0.0021827868,2,3191,461
EWPM,0.22428128,0.0,2,3191,461
DYGL,0.22426939,0.20465545,2,3191,461
RWMM,0.22361344,0.000113780385,2,3191,461
RWRM,0.22355911,0.0003670172,2,3191,461
IYVM,0.22269142,0.0006603972,2,3191,461
KWTM,0.22256929,0.0,2,3191,461
VYGV,0.22232166,0.3925579,2,3191,461
IYPM,0.2222507,0.0,2,3191,461
VWGN,0.22205597,0.24455266,2,3191,461
RWDM,0.22201762,0.00021025576,2,3191,461
IVGM,0.22172976,0.11430142,2,3191,461
TWGQ,0.22142112,0.0829459,2,3191,461
KYTM,0.2212911,0.0,2,3191,461
DFGM,0.22045925,0.29175243,2,3191,461
IIGM,0.22027853,0.09467058,2,3191,461
VWGH,0.21899107,0.05519781,2,3191,461
RYEM,0.21895859,0.00059247063,2,3191,461
CWEM,0.21894908,0.0,2,3191,461
TWGH,0.21843809,0.09775767,2,3191,461
KYGW,0.2174207,0.020407325,2,3191,461
CWTM,0.21725813,0.00037363017,2,3191,461
VWSL,0.21722019,0.0041557024,2,3191,461
VFRM,0.2162781,0.00033554164,2,3191,461
ISGM,0.2156587,0.22305748,2,3191,461
IAGM,0.21490413,0.23277915,2,3191,461
VWGR,0.21438184,0.0022338072,2,3191,461
IMGM,0.21420574,0.11517894,2,3191,461
VWDL,0.21343878,0.0016803036,2,3191,461
INGM,0.21281877,0.15906826,2,3191,461
TYGN,0.21257392,0.27716067,2,3191,461
VHNM,0.21233234,0.0018681508,2,3191,461
CYKM,0.21216154,0.002633203,2,3191,461
VYGN,0.21202114,0.394495,2,3191,461
VHTM,0.21091586,0.0,2,3191,461
VYGQ,0.2107375,0.07241954,2,3191,461
VFQM,0.21073127,0.0006010572,2,3191,461
VFEM,0.20993263,0.00021770572,2,3191,461
EYGF,0.20966399,0.16505396,2,3191,461
VFSM,0.20958352,0.0029103823,2,3191,461
VWHL,0.20949778,0.0006010572,2,3191,461
TWDL,0.2092618,0.0013487138,2,3191,461
VFDM,0.20923656,0.00033855464,2,3191,461
TYGS,0.20896041,0.03882574,2,3191,461
VYGH,0.20862195,0.044676963,2,3191,461
VFVM,0.20812634,0.000369305,2,3191,461
VYEL,0.20781952,0.00090563914,2,3191,461
VYGS,0.20781851,0.12992752,2,3191,461
VWTL,0.20762205,0.00035061667,2,3191,461
VYQL,0.20725477,0.00029729717,2,3191,461
EYGV,0.20724335,0.07174645,2,3191,461
IYYM,0.2070502,0.00019470864,2,3191,461
EYGI,0.20614046,0.12528287,2,3191,461
TFRM,0.2060211,0.0012197926,2,3191,461
EWQL,0.20557761,0.0,2,3191,461
SYKM,0.20482191,0.0,2,3191,461
TYSL,0.20467457,0.00042977152,2,3191,461
DYGC,0.20275044,0.017280396,2,3191,461
ITGM,0.20271742,0.08640732,2,3191,461
QHGM,0.20204967,0.2877533,2,3191,461
IYGI,0.20157886,0.3067988,2,3191,461
VFPM,0.20142022,0.00037363017,2,3191,461
EWGY,0.20128408,0.0038136044,2,3191,461
MWDM,0.20106778,0.0,2,3191,461
TWIL,0.20099106,0.00025365717,2,3191,461
IFQM,0.19895744,0.0,2,3191,461
VWVL,0.1974569,0.00040809784,2,3191,461
LYQM,0.19734532,0.0008378374,2,3191,461
WHGM,0.19729018,0.18642898,2,3191,461
SYGW,0.19680679,0.009832788,2,3191,461
TYIL,0.19580552,0.00058207643,2,3191,461
IWQL,0.19488683,0.0005760131,2,3191,461
IDGM,0.19427037,0.050366297,2,3191,461
AFGM,0.19416505,0.33063155,2,3191,461
VYRC,0.19371971,0.0009993482,2,3191,461
FHGM,0.19360521,0.23627013,2,3191,461
EYGP,0.19220811,0.0011425056,2,3191,461
VYNC,0.19160798,0.0007554272,2,3191,461
IWDL,0.19105959,0.0014825003,2,3191,461
IWTL,0.19043723,0.00048763017,2,3191,461
VYAC,0.18938705,0.30048534,2,3191,461
RWGI,0.18791738,0.14698185,2,3191,461
FWRM,0.1873922,0.0,2,3191,461
YHGM,0.1867119,0.22397652,2,3191,461
RWGV,0.18627214,0.11526514,2,3191,461
AWNM,0.18512484,0.004525806,2,3191,461
NWDM,0.1843938,0.0,2,3191,461
AWKM,0.18321428,0.0037526274,2,3191,461
PWGM,0.18223435,0.023698827,2,3191,461
VYVC,0.17815247,0.0012624946,2,3191,461
MWWM,0.17713797,0.0032415637,2,3191,461
RWGQ,0.17683154,0.05857652,2,3191,461
EPGM,0.17408806,0.00047262618,2,3191,461
RWGA,0.17284325,0.010106853,2,3191,461
IYNC,0.17255366,0.00053948554,2,3191,461
KFQM,0.17209491,0.0,2,3191,461
KMGM,0.17029041,0.11725483,2,3191,461
LVGM,0.16852975,0.16038719,2,3191,461
TFGF,0.16811731,0.17611481,2,3191,461
SWNL,0.16784254,0.0004090034,2,3191,461
SWSL,0.16663009,0.0002312813,2,3191,461
DWGV,0.16501746,0.0041733785,2,3191,461
SWDL,0.16380933,0.00053427304,2,3191,461
VYFC,0.16212493,0.0074547506,2,3191,461
HYEM,0.16116595,0.0,2,3191,461
DWDL,0.1540215,0.00089189137,2,3191,461
DYGF,0.15262476,0.037049167,2,3191,461
IRKM,0.15101606,0.0,2,3191,461
DYGV,0.1502778,0.021804206,2,3191,461
ICNM,0.15009817,0.0013534296,2,3191,461
TCCM,0.14725238,0.0034560792,2,3191,461
IRMM,0.14708674,0.0020060523,2,3191,461
VHTL,0.14684218,0.00044884146,2,3191,461
VHNL,0.14666456,0.00079564407,2,3191,461
VHRL,0.1458874,0.000688756,2,3191,461
VHEL,0.14434788,0.0012172353,2,3191,461
VNKM,0.1431508,0.0008253323,2,3191,461
VINM,0.14156497,0.00039782203,2,3191,461
IRIM,0.1415028,0.00016523084,2,3191,461
IAMM,0.13896751,0.002320165,2,3191,461
SWWL,0.13773867,0.00025365717,2,3191,461
DYGG,0.1349819,0.002542403,2,3191,461
IMMM,0.13195726,0.00018618608,2,3191,461
QWIL,0.12681925,6.583004e-05,2,3191,461
VYDE,0.12095574,0.0,2,3191,461
WPGM,0.11791722,0.0010268405,2,3191,461
AYGF,0.11544172,0.39103067,2,3191,461
VHNW,0.11478258,0.0,2,3191,461
VHRW,0.11327676,0.0006583008,2,3191,461
KHGV,0.10981656,0.13711736,2,3191,461
RWNN,0.10551391,0.0,2,3191,461
RWKV,0.10365281,0.00012073634,2,3191,461
KYDH,0.0973841,0.00046081058,2,3191,461
RHGT,0.09260697,0.02002192,2,3191,461
KHGR,0.09242869,0.0004242119,2,3191,461
TFRF,0.09098259,0.00043200987,2,3191,461
KHVL,0.09051926,0.00047421217,2,3191,461
EYFH,0.089981444,0.0,2,3191,461
KHNL,0.089108475,0.00029944372,2,3191,461
KHVC,0.08484054,0.0006810008,2,3191,461
TFRQ,0.07932583,0.0,2,3191,461
WIKM,0.077701755,0.0022369444,2,3191,461
QYRF,0.06788195,0.0,2,3191,461
IMKL,0.06489635,0.00026585226,2,3191,461
MWMH,0.063854225,0.0009497621,2,3191,461
FFVL,0.062446155,0.0005370934,2,3191,461
KHKW,0.060919233,0.0,2,3191,461
EVQL,0.05619601,0.00026001845,2,3191,461
THTN,0.0557814,0.0,2,3191,461
WYDF,0.052998908,0.000100540514,2,3191,461
VISW,0.052586563,0.0005659077,2,3191,461
VGYW,0.044232972,0.0,2,3191,461
FHGR,0.043860234,0.00038048576,2,3191,461
NWAA,0.04067693,0.00090949447,2,3191,461
LFNF,0.039001502,0.0002188546,2,3191,461
EMFC,0.03860808,0.0013324642,2,3191,461
CTGQ,0.029774137,0.003212403,2,3191,461
VACR,0.025845744,0.0011108826,2,3191,461
TVMV,0.02231244,0.0,2,3191,461
DCRC,0.021452285,0.0014551912,2,3191,461
KHIP,0.01806543,0.000306356,2,3191,461
LFTY,0.017749436,0.00015208268,2,3191,461
VINR,0.017263956,0.00024042286,2,3191,461
IICK,0.016039439,0.0010349755,2,3191,461
KHLP,0.014233775,0.0008245631,2,3191,461
VMFG,0.014176257,0.1233032,2,3191,461
TASI,0.01335109,0.0,2,3191,461
RHWA,0.01307831,0.00069835817,2,3191,461
IVQP,0.0110187605,8.559946e-05,2,3191,461
ILHN,0.011015601,0.00023766731,2,3191,461
CHYP,0.009325691,0.0033646484,2,3191,461
VERD,0.0085084215,0.0044087213,2,3191,461
TADH,0.006630458,0.0,2,3191,461
HYFK,0.0059622005,0.0007275955,2,3191,461
TTLF,0.0054738894,0.0,2,3191,461
METL,0.0034728125,0.00024730436,2,3191,461
KNDW,0.0014305487,0.0003894174,2,3191,461
FAGK,-0.0013235435,0.0,2,3191,461
FNSL,-0.00272464,0.0007637744,2,3191,461
QIGG,-0.006799184,0.002635444,2,3191,461
ESQG,-0.008144848,0.0006010572,2,3191,461
ETIG,-0.011487268,0.0020329875,2,3191,461
WHHG,-0.011795543,0.00084351754,2,3191,461
SHWP,-0.012450449,0.00023040529,2,3191,461
AIYC,-0.012592904,0.0,2,3191,461
TQSE,-0.014365338,0.0,2,3191,461
HFIP,-0.015239172,0.00037430454,2,3191,461
CIMH,-0.017518066,0.00044835624,2,3191,461
QMKL,-0.018055134,0.00016962353,2,3191,461
RRVS,-0.019147985,0.0003135951,2,3191,461
ELCE,-0.020557873,0.0,2,3191,461
TLTR,-0.020790808,0.00043541152,2,3191,461
RIMA,-0.023135059,0.007611426,2,3191,461
LATD,-0.025766157,0.0030663963,2,3191,461
KVRR,-0.02861192,0.0002100297,2,3191,461
RTIP,-0.029882126,0.00021943364,2,3191,461
LLFF,-0.031177007,0.00070997956,2,3191,461
SGEW,-0.031736188,0.00019891108,2,3191,461
AQYL,-0.032587998,0.0004361312,2,3191,461
KKTG,-0.03461223,7.3338495e-05,2,3191,461
NFFP,-0.036621086,0.00017352695,2,3191,461
LDAF,-0.037065916,0.0012929217,2,3191,461
MDMI,-0.038658492,0.00888706,2,3191,461
CECE,-0.04010012,0.0,2,3191,461
KDIK,-0.040936373,0.00020404892,2,3191,461
RDFG,-0.041985594,0.022308879,2,3191,461
LNLY,-0.044801854,0.00090816675,2,3191,461
KDNP,-0.04836624,0.0002590903,2,3191,461
FTIP,-0.050543986,0.00030550975,2,3191,461
SRMY,-0.05088108,0.00027741102,2,3191,461
YSSP,-0.054989062,0.0002285641,2,3191,461
SQVI,-0.05598014,0.00038098512,2,3191,461
MQRK,-0.056359492,0.00046468293,2,3191,461
YTCQ,-0.05688148,0.00034909887,2,3191,461
FGYA,-0.062402688,0.0022118906,2,3191,461
DRDP,-0.062757514,0.00020181481,2,3191,461
SPVN,-0.06313037,0.00017698269,2,3191,461
SKMP,-0.063379936,0.00010800247,2,3191,461
AVLY,-0.067407064,0.00089189137,2,3191,461
DKVI,-0.068037264,0.00025600588,2,3191,461
DGWN,-0.06816473,0.0016263901,2,3191,461
HIYF,-0.06963908,0.00046862086,2,3191,461
DLKE,-0.070201896,0.0,2,3191,461
YGDD,-0.07049211,0.0016127729,2,3191,461
FPEA,-0.07399713,0.000100907404,2,3191,461
DDWG,-0.08013751,0.0,2,3191,461
DKFP,-0.08035081,0.00018189891,2,3191,461
DNFK,-0.08291205,0.00054213003,2,3191,461
QKRK,-0.083031826,0.00024000552,2,3191,461
HVTS,-0.08337524,0.0004279974,2,3191,461
AMCT,-0.088070445,0.0055297264,2,3191,461
NIYF,-0.09126677,0.0,2,3191,461
AMSP,-0.092397474,0.0,2,3191,461
NAQF,-0.092980735,0.0,2,3191,461
HNSQ,-0.09359159,0.00016556072,2,3191,461
NIIE,-0.099656425,0.00090651255,2,3191,461
ADHP,-0.1027055,0.0024571551,2,3191,461
AEQE,-0.103528135,0.0171239,2,3191,461
PPNL,-0.10876768,0.00012126594,2,3191,461
NRPA,-0.112293445,0.000307207,2,3191,461
NTPK,-0.121607535,0.0,2,3191,461
PIDV,-0.12306719,0.00062600675,2,3191,461
NTEA,-0.12312137,8.108099e-05,2,3191,461
NNKR,-0.124474995,0.0,2,3191,461
GAPY,-0.13092953,0.0,2,3191,461
PSFK,-0.13553974,0.00014745939,2,3191,461
GSNI,-0.1392265,0.00044594568,2,3191,461
PLMV,-0.14176571,0.0002369883,2,3191,461
GLRK,-0.14292726,7.945012e-05,2,3191,461
GLST,-0.1441814,0.00024134104,2,3191,461
PEAT,-0.15700129,0.00032274664,2,3191,461
GDQS,-0.16107357,0.00034821953,2,3191,461
PGKQ,-0.16365099,0.00052167237,2,3191,461
IWGC,0.4270032,0.3985512,3,6417,845
AWGM,0.39222798,0.18111098,3,6417,845
IWGF,0.39112452,0.58226377,3,6417,845
VWGF,0.38908234,0.5437995,3,6417,845
AYGM,0.38568655,0.4239457,3,6417,845
TYGM,0.36316994,0.52886873,3,6417,845
AWGF,0.34845036,0.15553272,3,6417,845
TYGF,0.33786374,0.32057467,3,6417,845
VFGC,0.334247,0.37359878,3,6417,845
KWGF,0.333452,0.32656106,3,6417,845
VHGC,0.33297464,0.31859487,3,6417,845
VYGF,0.33273333,0.33272883,3,6417,845
IFGC,0.3310803,0.31987724,3,6417,845
LWGC,0.3275572,0.35346183,3,6417,845
AYGC,0.32684946,0.21773298,3,6417,845
IWGV,0.3224169,0.37528953,3,6417,845
SWGF,0.32223228,0.36631906,3,6417,845
IYGF,0.3216416,0.3393743,3,6417,845
VWGV,0.31991658,0.39356664,3,6417,845
IHGM,0.31754282,0.37713978,3,6417,845
IYGN,0.3108231,0.37038034,3,6417,845
VYGI,0.31077975,0.24172965,3,6417,845
LWGF,0.31004137,0.28511068,3,6417,845
RYGM,0.3060585,0.35095826,3,6417,845
CWGF,0.3011194,0.4123596,3,6417,845
LYGL,0.29812312,0.26391286,3,6417,845
VHGV,0.2946176,0.31081796,3,6417,845
LYGV,0.2939925,0.51197964,3,6417,845
FYGC,0.2920099,0.44035503,3,6417,845
LYGF,0.2899312,0.27941108,3,6417,845
MYGC,0.28980207,0.31799787,3,6417,845
CYGL,0.28762388,0.3446724,3,6417,845
TYGI,0.28687274,0.26784614,3,6417,845
AWGL,0.2859067,0.21451525,3,6417,845
LYGN,0.28556,0.3346415,3,6417,845
KHGM,0.28392133,0.29147342,3,6417,845
AYGN,0.28319046,0.13824317,3,6417,845
IWAC,0.28305966,0.41420585,3,6417,845
KYGF,0.27884153,0.22321832,3,6417,845
IFGL,0.2783917,0.25794408,3,6417,845
VHGF,0.2745979,0.31134763,3,6417,845
KYGC,0.27110112,0.21405393,3,6417,845
IHGC,0.2681334,0.3135937,3,6417,845
CYGC,0.2668532,0.35997614,3,6417,845
TWGI,0.26676074,0.19022259,3,6417,845
YYGM,0.26523703,0.30007645,3,6417,845
HYGM,0.26369786,0.26622155,3,6417,845
TYGV,0.2614426,0.3718459,3,6417,845
FWGF,0.26077846,0.47970378,3,6417,845
VFGN,0.25960895,0.31214046,3,6417,845
RHGM,0.25958768,0.3027055,3,6417,845
AWGC,0.25934184,0.09586558,3,6417,845
IFGV,0.25257158,0.31952158,3,6417,845
MWGL,0.25162145,0.2624769,3,6417,845
MWGC,0.2503999,0.2872102,3,6417,845
VWAC,0.24969141,0.2615497,3,6417,845
WWGF,0.24885191,0.30810577,3,6417,845
NYGM,0.2476652,0.2740177,3,6417,845
AFGF,0.2476115,0.30010286,3,6417,845
FWGL,0.24754165,0.2292323,3,6417,845
KYGI,0.24687609,0.14005195,3,6417,845
CYGN,0.24642459,0.32176328,3,6417,845
YWGF,0.24451385,0.2783637,3,6417,845
WWGL,0.24339755,0.28248715,3,6417,845
IYAC,0.23891434,0.31963494,3,6417,845
LWGV,0.23885928,0.40814328,3,6417,845
CYGI,0.23791923,0.2602658,3,6417,845
YWGL,0.2346882,0.24538805,3,6417,845
KYGN,0.23341061,0.11853616,3,6417,845
HYGC,0.23239087,0.3398796,3,6417,845
IWAF,0.23164229,0.05441486,3,6417,845
IYGA,0.22658767,0.24565688,3,6417,845
AWGI,0.22408131,0.02513512,3,6417,845
NWGF,0.22164378,0.09677021,3,6417,845
CWGI,0.219721,0.20222999,3,6417,845
IWGP,0.21904385,0.0028032232,3,6417,845
LHGC,0.21733466,0.26967207,3,6417,845
TWGV,0.21650295,0.32856864,3,6417,845
FYGN,0.21544498,0.55430514,3,6417,845
KFGI,0.21510053,0.08531977,3,6417,845
IWGA,0.21469441,0.23664995,3,6417,845
IHGV,0.21382877,0.28927898,3,6417,845
IWAV,0.21308914,0.04267605,3,6417,845
HWGF,0.21124941,0.22176507,3,6417,845
IWAL,0.21102808,0.2600189,3,6417,845
IWAI,0.21020311,0.11877229,3,6417,845
SYGN,0.20626983,0.18732725,3,6417,845
WWGI,0.20233984,0.0038854494,3,6417,845
IAGC,0.20022456,0.2644698,3,6417,845
MFGC,0.19866528,0.25064343,3,6417,845
AWGV,0.19866256,0.06635672,3,6417,845
IYGT,0.19861324,0.18181156,3,6417,845
IHGI,0.19701006,0.13705048,3,6417,845
MYGI,0.19692723,0.23680115,3,6417,845
KWGV,0.19650638,0.12601663,3,6417,845
VYGG,0.19495285,0.12771034,3,6417,845
VWAM,0.19464159,0.32189712,3,6417,845
IYGY,0.19299339,0.017435305,3,6417,845
THGC,0.19264446,0.33351162,3,6417,845
WYGN,0.19236974,0.22892635,3,6417,845
SFGC,0.19203334,0.1375991,3,6417,845
VHGW,0.18692513,0.1359953,3,6417,845
HWGC,0.18663697,0.26467067,3,6417,845
LRGM,0.18442439,0.19699651,3,6417,845
VHGT,0.18375129,0.12726589,3,6417,845
IWAN,0.18302837,0.0032726952,3,6417,845
HYGN,0.18262668,0.2979756,3,6417,845
FWAC,0.1799826,0.31642324,3,6417,845
TFGI,0.1797191,0.13999555,3,6417,845
SWGV,0.17896332,0.0904708,3,6417,845
GWGF,0.17895001,0.036194574,3,6417,845
AHGC,0.17718273,0.1589367,3,6417,845
VYGP,0.17535579,0.0033806188,3,6417,845
VWAF,0.1750241,0.028664296,3,6417,845
LCGM,0.17301095,0.16731575,3,6417,845
IWGD,0.17144379,0.012497454,3,6417,845
IFGA,0.17081445,0.14844468,3,6417,845
IWAG,0.1704444,0.4808951,3,6417,845
IWAP,0.16943057,0.0024741506,3,6417,845
SQGM,0.1676795,0.07614296,3,6417,845
FHGC,0.16637413,0.4013241,3,6417,845
IWAY,0.16603385,0.0047027,3,6417,845
VWAV,0.1641295,0.025506837,3,6417,845
IWAT,0.16391046,0.041631043,3,6417,845
SHGC,0.16196261,0.16389528,3,6417,845
LVGC,0.16116503,0.18538557,3,6417,845
VFGT,0.16061874,0.098322816,3,6417,845
LAGC,0.15992212,0.2151671,3,6417,845
ICGL,0.15990858,0.10464109,3,6417,845
FFGF,0.15988007,0.1862024,3,6417,845
SWGN,0.15861642,0.07139407,3,6417,845
RAGM,0.1576454,0.17525704,3,6417,845
YHGC,0.15593407,0.26365492,3,6417,845
LMGC,0.15569067,0.09489369,3,6417,845
GYGF,0.15363042,0.038061753,3,6417,845
VYAI,0.1512374,0.055700894,3,6417,845
VWAI,0.15109333,0.043844484,3,6417,845
QQGM,0.14979158,0.12637448,3,6417,845
WWAM,0.14955375,0.19189468,3,6417,845
TQGM,0.14905825,0.17239736,3,6417,845
THGV,0.1490204,0.20918374,3,6417,845
KYGA,0.14861375,0.0112677645,3,6417,845
IYAN,0.14843419,0.002835757,3,6417,845
IYAL,0.14721784,0.12518951,3,6417,845
VYGK,0.14699167,0.0024192554,3,6417,845
YAGM,0.14659311,0.18132359,3,6417,845
FSGM,0.14658381,0.14142399,3,6417,845
RKGM,0.14467202,0.16173752,3,6417,845
IWAK,0.14435361,0.00024147278,3,6417,845
HSGM,0.14396733,0.108962804,3,6417,845
IWAQ,0.14344937,0.00086648134,3,6417,845
VHGQ,0.1425658,0.043063357,3,6417,845
VMGL,0.14233907,0.06041738,3,6417,845
KFGA,0.14233637,0.0071068667,3,6417,845
ILGL,0.14230937,0.02804734,3,6417,845
TKGM,0.14137608,0.15781467,3,6417,845
IYAI,0.14085935,0.081071414,3,6417,845
IYAF,0.13668013,0.009114934,3,6417,845
IWAE,0.13589324,0.0014497411,3,6417,845
WYGA,0.1332705,0.23046272,3,6417,845
KYGP,0.13217904,0.0014270262,3,6417,845
VWGD,0.12817182,0.014577942,3,6417,845
ASGF,0.12803587,0.12582949,3,6417,845
AWGY,0.12689263,0.005293653,3,6417,845
LAGV,0.12652756,0.22800541,3,6417,845
MRGC,0.1256953,0.15031333,3,6417,845
TWAF,0.12432595,0.0006912158,3,6417,845
TQGL,0.122437574,0.058753345,3,6417,845
WMGM,0.121652335,0.058583427,3,6417,845
IYAG,0.11952141,0.3456079,3,6417,845
NYGI,0.119446725,0.049329933,3,6417,845
IYAA,0.1181784,0.44646153,3,6417,845
YAGC,0.118028164,0.20181777,3,6417,845
LVGV,0.11788691,0.17780726,3,6417,845
IHGD,0.117590904,0.018555036,3,6417,845
DWGF,0.11756375,0.043131866,3,6417,845
IGGI,0.11663939,0.012495055,3,6417,845
FVGC,0.11576415,0.20671594,3,6417,845
ISGA,0.11313236,0.20170619,3,6417,845
TKGF,0.11112289,0.020257413,3,6417,845
RCGL,0.11111964,0.09235434,3,6417,845
SSGC,0.1109388,0.06585688,3,6417,845
IAAC,0.11060116,0.2984759,3,6417,845
VHAI,0.10983336,0.043235783,3,6417,845
YVGC,0.10955546,0.1904708,3,6417,845
CAGV,0.109065704,0.12603791,3,6417,845
QMGM,0.10838791,0.10118223,3,6417,845
SYAC,0.10829027,0.0015974765,3,6417,845
VSAM,0.107011795,0.22908866,3,6417,845
SFGT,0.10574492,0.0126102045,3,6417,845
VWAA,0.1034412,0.61774945,3,6417,845
RLGL,0.10297341,0.032412615,3,6417,845
WWAL,0.1018877,0.052090444,3,6417,845
WQGM,0.101542905,0.060391,3,6417,845
RMGL,0.10111084,0.05844519,3,6417,845
SVGC,0.100446306,0.06134803,3,6417,845
IYAY,0.09820954,0.0012360564,3,6417,845
QYGY,0.09807671,0.0068843984,3,6417,845
VRAM,0.0968566,0.22284509,3,6417,845
SMGF,0.0967147,0.011027719,3,6417,845
WAGV,0.09586911,0.009933813,3,6417,845
IRAV,0.09485146,0.04114222,3,6417,845
WMGF,0.09356068,0.022525726,3,6417,845
HRGC,0.09348797,0.10344165,3,6417,845
IHAI,0.09322294,0.0684932,3,6417,845
HNGC,0.0922101,0.07322744,3,6417,845
WAGI,0.09037717,0.0014122628,3,6417,845
VQAM,0.08973854,0.134344,3,6417,845
ISGD,0.087748155,0.0069121583,3,6417,845
IRAI,0.08761554,0.06972904,3,6417,845
IAAV,0.08578297,0.036434177,3,6417,845
VRAI,0.08578225,0.04089552,3,6417,845
IRAL,0.08527814,0.13693154,3,6417,845
IRAF,0.08338027,0.03358797,3,6417,845
WSGF,0.082463466,0.066927895,3,6417,845
KVGV,0.078156136,0.07888324,3,6417,845
WWAP,0.0763595,0.0013338034,3,6417,845
SSAC,0.07458818,0.0017642198,3,6417,845
VWAD,0.07376531,0.011115465,3,6417,845
WWAY,0.07259605,0.0012058594,3,6417,845
VTAM,0.07161927,0.07710147,3,6417,845
FSAC,0.07070151,0.073606804,3,6417,845
WWAQ,0.06255922,0.0002872585,3,6417,845
WWAW,0.057653427,0.0017519925,3,6417,845
IQAP,0.05395574,0.00094954896,3,6417,845
KHGS,0.05386489,0.008071916,3,6417,845
NAGC,0.053830612,0.05449751,3,6417,845
YWCC,0.052369088,0.14802653,3,6417,845
KSGA,0.050187815,0.011707497,3,6417,845
CWAW,0.049931098,0.0033855469,3,6417,845
IKAP,0.048269268,0.0010459512,3,6417,845
IKAT,0.046168238,0.026578894,3,6417,845
NYGY,0.043600548,0.00061899924,3,6417,845
QIGI,0.03879936,0.022912128,3,6417,845
IFLC,0.038504556,0.0062006125,3,6417,845
GFGE,0.037387207,0.00013893783,3,6417,845
QSAA,0.03379558,0.10092432,3,6417,845
WRAP,0.03039485,0.0006290181,3,6417,845
YYYN,0.026864909,0.00045325622,3,6417,845
FWMG,0.023529269,0.30931908,3,6417,845
SGGD,0.021463796,0.0,3,6417,845
MFIN,0.020231858,0.0007447443,3,6417,845
IHKM,0.0195295,0.00089189137,3,6417,845
HQAW,0.016044855,0.0,3,6417,845
KGKF,0.015498824,0.00014825007,3,6417,845
WVMC,0.015434388,0.18161137,3,6417,845
LRYN,0.014415093,0.0007843584,3,6417,845
VYLI,0.013991691,0.00085335283,3,6417,845
MAWN,0.01391156,0.0,3,6417,845
QGEC,0.013529286,0.0010363056,3,6417,845
CNHG,0.01305994,0.0016506646,3,6417,845
YIGY,0.012499891,0.036249656,3,6417,845
SSRL,0.010098673,0.00029269728,3,6417,845
IRLP,0.009803865,0.014340451,3,6417,845
ASWT,0.0093089305,0.00053170446,3,6417,845
IGMK,0.008703455,0.00018808589,3,6417,845
CNNF,0.0077665146,0.0005266406,3,6417,845
GAQC,0.0075888964,0.0011425056,3,6417,845
SIYM,0.0073430683,8.8902365e-05,3,6417,845
GTTC,0.006966702,0.00031418898,3,6417,845
CTYC,0.006622668,0.0024576562,3,6417,845
SIRC,0.006536204,0.001012185,3,6417,845
SQYA,0.0062555666,0.0006583008,3,6417,845
CTML,0.0061687264,0.000985984,3,6417,845
IWCR,0.006117619,0.0014270262,3,6417,845
FAQG,0.0046536806,0.0,3,6417,845
KILF,0.004349805,0.00077967945,3,6417,845
WQYD,0.0043480634,0.0016821712,3,6417,845
SFRG,0.003976844,0.0004567505,3,6417,845
KDWV,0.0037415174,0.00075898203,3,6417,845
IKVC,0.0036431996,0.002246738,3,6417,845
SKEA,0.003573533,0.00019678741,3,6417,845
ATMM,0.003492534,0.0,3,6417,845
LHHA,0.002844624,0.0029222132,3,6417,845
TVCI,0.0027924774,0.0031902269,3,6417,845
TITA,0.0026428958,0.0011703125,3,6417,845
SVYD,0.002439983,0.0,3,6417,845
LRKL,0.001987323,0.0004893563,3,6417,845
CFCS,0.0017627401,0.0036379779,3,6417,845
DITA,0.0016579272,0.00018189891,3,6417,845
CVWE,0.0012178866,0.001129872,3,6417,845
PELC,0.0010670905,0.00029729717,3,6417,845
GCFD,0.0007710082,0.008145375,3,6417,845
KWIM,0.00042303625,0.0,3,6417,845
KRID,0.00032727022,0.0007833627,3,6417,845
EQCY,0.00020533774,0.0,3,6417,845
RLFD,0.00016954888,0.0,3,6417,845
IQYQ,-3.0782336e-05,0.0006826823,3,6417,845
GSGQ,-0.0006518292,0.00018905046,3,6417,845
YRPD,-0.00066246116,0.0,3,6417,845
GPFC,-0.0010106938,0.00096673536,3,6417,845
LNYY,-0.0011812861,0.00051776465,3,6417,845
TNCH,-0.0012216533,0.0,3,6417,845
KSDT,-0.0014304521,0.00024156872,3,6417,845
FRCY,-0.0017129185,0.00074726035,3,6417,845
GLCE,-0.001773868,0.00055968895,3,6417,845
KDLS,-0.0018448236,0.00057678844,3,6417,845
MHIT,-0.001886532,0.00036284293,3,6417,845
RELQ,-0.0018877576,0.00023705952,3,6417,845
RGWE,-0.0024184699,0.00023136927,3,6417,845
KNVT,-0.0028149786,0.00040745354,3,6417,845
YHKD,-0.0032112154,0.0054152724,3,6417,845
SFEI,-0.0033270868,0.00047670057,3,6417,845
HGRG,-0.0035774673,0.0005374464,3,6417,845
FTMT,-0.0036710429,0.006710833,3,6417,845
DTVM,-0.0040867557,0.0,3,6417,845
VDTD,-0.0042511043,0.0029288854,3,6417,845
QVWD,-0.0046283943,0.0015649524,3,6417,845
DTVC,-0.0050242585,0.0004937255,3,6417,845
QMVC,-0.005421825,0.00097583403,3,6417,845
EKEW,-0.005493377,0.0,3,6417,845
FKVT,-0.005570438,0.00096169155,3,6417,845
ATMW,-0.005676635,0.0,3,6417,845
GLRT,-0.005769056,0.00033466684,3,6417,845
FPMA,-0.0058287014,0.0027984446,3,6417,845
CRNE,-0.00585058,0.0005493105,3,6417,845
MTGK,-0.0058988635,0.00019470864,3,6417,845
RENG,-0.005946752,0.00018744834,3,6417,845
CIDG,-0.0059975726,0.0005945942,3,6417,845
SLTR,-0.006086089,0.0001867409,3,6417,845
WQDT,-0.0065195174,0.00036063432,3,6417,845
APKP,-0.0068968316,0.0,3,6417,845
SLMQ,-0.007390913,0.0002663645,3,6417,845
GNDW,-0.008236399,0.0,3,6417,845
ERTI,-0.008301113,0.0004157689,3,6417,845
QLRF,-0.008522537,0.00011745381,3,6417,845
LLLH,-0.008875549,0.01954421,3,6417,845
SARR,-0.008883532,0.00027987422,3,6417,845
YKHH,-0.009034552,0.0,3,6417,845
MTPP,-0.0090512335,9.7698314e-05,3,6417,845
FHQE,-0.009528611,0.0,3,6417,845
HYLS,-0.009747021,0.00044167144,3,6417,845
LAVW,-0.009756599,0.00032637507,3,6417,845
ARQQ,-0.010622725,0.0022752436,3,6417,845
WDNF,-0.010635316,0.00025659986,3,6417,845
DDNT,-0.011300389,0.0012021145,3,6417,845
LLSA,-0.0115189105,0.0388717,3,6417,845
DVYQ,-0.012126496,0.0,3,6417,845
TSRS,-0.012246925,0.0004893563,3,6417,845
EIEM,-0.012293514,0.0,3,6417,845
RLSV,-0.012309171,0.00024625464,3,6417,845
FCHE,-0.012510184,0.0,3,6417,845
NVDF,-0.012963193,0.00011239282,3,6417,845
KLQE,-0.0131013915,0.00014325717,3,6417,845
HPVE,-0.013639931,0.00014142525,3,6417,845
DHRT,-0.013682641,0.0,3,6417,845
RAQY,-0.013849415,0.00022578685,3,6417,845
DVEW,-0.014179798,0.0,3,6417,845
GGSW,-0.01447917,0.0,3,6417,845
MRPM,-0.014554225,0.00027927916,3,6417,845
RHDS,-0.014602017,0.00031913424,3,6417,845
IYPQ,-0.01482974,0.0001368744,3,6417,845
FCTP,-0.01499683,0.0004937255,3,6417,845
LTRQ,-0.015306901,0.00024253188,3,6417,845
DWLN,-0.015320368,0.00089189137,3,6417,845
GPKA,-0.015589805,0.0,3,6417,845
GCRQ,-0.015860725,0.0,3,6417,845
FPMS,-0.01609655,0.00024042286,3,6417,845
EPNN,-0.016351767,0.0,3,6417,845
FIKM,-0.016510688,0.0,3,6417,845
LLHK,-0.018680062,0.00026332025,3,6417,845
KWEG,-0.01962281,0.00045325622,3,6417,845
TIPY,-0.020154,0.0,3,6417,845
GPEI,-0.020651013,0.00033311607,3,6417,845
RLER,-0.02070365,0.00026968558,3,6417,845
PLMK,-0.021348145,0.0002229728,3,6417,845
NQSS,-0.021899642,0.0004739765,3,6417,845
QMIY,-0.022218395,0.0005296673,3,6417,845
DPVH,-0.023442868,0.00045700217,3,6417,845
MREQ,-0.023795012,0.00056812254,3,6417,845
MFST,-0.026311882,0.0011280115,3,6417,845
PFMP,-0.027919468,0.00038136047,3,6417,845
MVNY,-0.029783808,0.0002260106,3,6417,845
YVRR,-0.030770078,0.00024952184,3,6417,845
PRQK,-0.031928293,0.0,3,6417,845
CMSY,-0.0327222,0.0007244183,3,6417,845
CWEY,-0.033010982,0.0,3,6417,845
VWND,-0.034574725,0.010045189,3,6417,845
VLNH,-0.03514231,0.00028474384,3,6417,845
NFSW,-0.035222333,0.0,3,6417,845
YWKQ,-0.043280594,0.0,3,6417,845
QMSY,-0.044968035,0.00021186686,3,6417,845
PWCD,-0.045694407,0.012225261,3,6417,845
PHNI,-0.049294516,0.0,3,6417,845
FWGF,0.4527404,0.47970378,4,9713,1229
IYGV,0.4288702,0.44262144,4,9713,1229
KWGM,0.42636338,0.46143326,4,9713,1229
LYGC,0.3943257,0.43736556,4,9713,1229
CYGV,0.34309703,0.41088364,4,9713,1229
MWGF,0.34126902,0.24643347,4,9713,1229
TFGM,0.34051988,0.4098199,4,9713,1229
AYGL,0.3371037,0.20655155,4,9713,1229
FYGM,0.33428589,0.2655634,4,9713,1229
CWGL,0.3308981,0.30257416,4,9713,1229
CYGF,0.32590708,0.28787106,4,9713,1229
VFGV,0.32537404,0.3081329,4,9713,1229
IFAA,0.31414664,0.37927574,4,9713,1229
YYGV,0.3129827,0.24241564,4,9713,1229
FYAA,0.31030932,0.8115687,4,9713,1229
SFGM,0.30967656,0.29556966,4,9713,1229
YWGC,0.298277,0.37886098,4,9713,1229
WYGC,0.2978004,0.226268,4,9713,1229
FWGV,0.29565534,0.3208799,4,9713,1229
VWGA,0.29286253,0.20311752,4,9713,1229
VCAA,0.2904052,0.41170102,4,9713,1229
FYGA,0.28424218,0.54883146,4,9713,1229
FYGG,0.28389722,0.1972708,4,9713,1229
IFAG,0.2798926,0.25024354,4,9713,1229
IFAG,0.2798924,0.25024354,4,9713,1229
FWGN,0.27977726,0.47631052,4,9713,1229
LYGI,0.27949065,0.24252903,4,9713,1229
WWGC,0.27690238,0.23169039,4,9713,1229
AYGV,0.27257493,0.17190237,4,9713,1229
FYGI,0.2667441,0.10067709,4,9713,1229
IFAC,0.26197428,0.22868492,4,9713,1229
CHGM,0.26056436,0.23795618,4,9713,1229
FYGL,0.25799185,0.25572252,4,9713,1229
MYGF,0.25718945,0.20425816,4,9713,1229
ICAA,0.25667593,0.38316688,4,9713,1229
VSGM,0.2566674,0.25033435,4,9713,1229
QWGF,0.25551027,0.21811698,4,9713,1229
CYAA,0.25233236,0.2544538,4,9713,1229
NFGM,0.25126877,0.17451723,4,9713,1229
AHGM,0.2497509,0.33681062,4,9713,1229
HYGL,0.24907951,0.19339927,4,9713,1229
EWGF,0.24738367,0.17539601,4,9713,1229
LYGA,0.24104707,0.35147816,4,9713,1229
VSAA,0.2383631,0.54937875,4,9713,1229
VAGM,0.23755425,0.25076666,4,9713,1229
TFGV,0.23602821,0.27193242,4,9713,1229
KFGL,0.23446111,0.21752423,4,9713,1229
SYGF,0.23121773,0.2425867,4,9713,1229
FFGV,0.23013443,0.36321434,4,9713,1229
HFGM,0.22951825,0.1877666,4,9713,1229
RWGC,0.2282771,0.18454431,4,9713,1229
WHGC,0.22572285,0.1339767,4,9713,1229
YFGM,0.22222911,0.26158315,4,9713,1229
LCGV,0.22014455,0.14468522,4,9713,1229
VLAA,0.2181612,0.27221254,4,9713,1229
FFGM,0.2158545,0.21208951,4,9713,1229
MFGV,0.21550998,0.22863793,4,9713,1229
HYGF,0.21503435,0.24309352,4,9713,1229
RHGC,0.20805937,0.23450948,4,9713,1229
VKGM,0.20571955,0.18002975,4,9713,1229
HHGM,0.20499101,0.18015732,4,9713,1229
VQGM,0.20460527,0.16503447,4,9713,1229
VQAA,0.20312692,0.35871273,4,9713,1229
MHGV,0.2014451,0.20551562,4,9713,1229
VFGA,0.20031385,0.172305,4,9713,1229
KFGF,0.20029068,0.15703802,4,9713,1229
YFGV,0.19827448,0.1428401,4,9713,1229
CYAC,0.19532818,0.101707466,4,9713,1229
FYMG,0.19447668,0.28629714,4,9713,1229
VHGI,0.19076647,0.12572852,4,9713,1229
IAGV,0.18379648,0.25332323,4,9713,1229
CWGA,0.17641197,0.038805097,4,9713,1229
VRGF,0.17562814,0.1926781,4,9713,1229
RSGM,0.1750313,0.1719154,4,9713,1229
VEGM,0.17502229,0.10762156,4,9713,1229
IRGV,0.17454048,0.17603359,4,9713,1229
IQAA,0.17150833,0.35198614,4,9713,1229
KLGM,0.16846712,0.06127357,4,9713,1229
IQAC,0.16806048,0.20010698,4,9713,1229
CYGT,0.16786425,0.0829459,4,9713,1229
TYGA,0.1670892,0.030946176,4,9713,1229
VTAA,0.16079184,0.27226463,4,9713,1229
PYGM,0.15951525,0.01862343,4,9713,1229
LCGC,0.1587603,0.11478372,4,9713,1229
KSGM,0.15856144,0.17580687,4,9713,1229
ASGM,0.15811047,0.1949583,4,9713,1229
QSGM,0.15660326,0.1599721,4,9713,1229
VMGM,0.15549655,0.17768478,4,9713,1229
DWGL,0.15350848,0.26700678,4,9713,1229
SYGV,0.15217431,0.1535079,4,9713,1229
VHGG,0.15185852,0.15807804,4,9713,1229
IFMG,0.14907734,0.06333655,4,9713,1229
EFGL,0.14802672,0.21304362,4,9713,1229
FWGW,0.14651112,0.18827403,4,9713,1229
YSGM,0.14469026,0.14467014,4,9713,1229
SAGM,0.14403923,0.14635271,4,9713,1229
LCAC,0.14369273,0.07866931,4,9713,1229
INGV,0.14134903,0.2306352,4,9713,1229
QFGV,0.13966194,0.108350225,4,9713,1229
MSGV,0.13835524,0.13250527,4,9713,1229
QHGV,0.13828538,0.10429953,4,9713,1229
KQGM,0.13782947,0.12871148,4,9713,1229
QWGV,0.13767244,0.13389394,4,9713,1229
VTGM,0.13763718,0.10544825,4,9713,1229
ISGL,0.13700874,0.11989822,4,9713,1229
LFGA,0.1370082,0.24953867,4,9713,1229
VHGY,0.13623695,0.026120316,4,9713,1229
VDGM,0.13572362,0.059078347,4,9713,1229
YYMG,0.13538118,0.21602798,4,9713,1229
SCGM,0.13412951,0.106228955,4,9713,1229
TIGM,0.13412555,0.06952423,4,9713,1229
LNGC,0.13407432,0.21756448,4,9713,1229
GHGM,0.1339923,0.053286456,4,9713,1229
MAGV,0.13249362,0.08910204,4,9713,1229
ASAA,0.131792,0.16269037,4,9713,1229
CYGY,0.12992842,0.020320078,4,9713,1229
WLGC,0.12760286,0.040846396,4,9713,1229
RSGC,0.12549998,0.12785912,4,9713,1229
IMGF,0.12522538,0.096052825,4,9713,1229
FFGL,0.12316703,0.17814705,4,9713,1229
LEGM,0.12304636,0.059572827,4,9713,1229
YFMG,0.121749565,0.19110084,4,9713,1229
IDAA,0.12142593,0.39657015,4,9713,1229
MRGM,0.120354824,0.13409041,4,9713,1229
IVMG,0.1183025,0.08973981,4,9713,1229
AIGF,0.11704827,0.058864832,4,9713,1229
IACC,0.10951903,0.19017982,4,9713,1229
TVGF,0.10933705,0.04643282,4,9713,1229
QSGC,0.10814273,0.12780972,4,9713,1229
QIGM,0.1079382,0.101912595,4,9713,1229
WVCC,0.10717965,0.15539232,4,9713,1229
RNGC,0.10377481,0.08059465,4,9713,1229
YLMG,0.10245622,0.1264778,4,9713,1229
AYGY,0.10171879,0.004567718,4,9713,1229
SGGM,0.10050523,0.015132369,4,9713,1229
WNGC,0.09889547,0.10058872,4,9713,1229
AYGG,0.096063755,0.015081072,4,9713,1229
INGL,0.094909124,0.08270101,4,9713,1229
ESGC,0.08918887,0.19164573,4,9713,1229
CYAL,0.08838808,0.10596665,4,9713,1229
IFCC,0.08512909,0.14185634,4,9713,1229
FAMG,0.08223447,0.12885305,4,9713,1229
ICMA,0.08057221,0.09309935,4,9713,1229
ECGL,0.080571465,0.09835014,4,9713,1229
DQGM,0.08012503,0.089858055,4,9713,1229
AMGF,0.07909606,0.060648613,4,9713,1229
YVLC,0.075949535,0.32986668,4,9713,1229
KKAA,0.07560137,0.042078394,4,9713,1229
SRGF,0.07369398,0.032555103,4,9713,1229
WACC,0.073689826,0.11917679,4,9713,1229
YVSC,0.0728297,0.004686608,4,9713,1229
DCGL,0.07032821,0.05828093,4,9713,1229
PWGF,0.069580935,0.0011715522,4,9713,1229
YVQC,0.06952352,0.0006459961,4,9713,1229
IVGG,0.06892616,0.052907877,4,9713,1229
YGMG,0.06801134,0.0155966645,4,9713,1229
DEGM,0.0667266,0.052107036,4,9713,1229
YFLA,0.064101,0.11751549,4,9713,1229
YLLA,0.06339416,0.10332289,4,9713,1229
ISRC,0.060454134,0.0011331408,4,9713,1229
YLFA,0.0603163,0.06617392,4,9713,1229
YAMA,0.055376284,0.21022835,4,9713,1229
QAGN,0.05359762,0.0068874424,4,9713,1229
FAYC,0.050499767,0.0009534011,4,9713,1229
RWGS,0.048043314,0.0036041518,4,9713,1229
MSFA,0.047922354,0.18241909,4,9713,1229
FENC,0.04636876,0.0,4,9713,1229
VSHG,0.04636549,0.00049080414,4,9713,1229
YMQC,0.044318173,0.00033717847,4,9713,1229
WMRC,0.042759344,0.0024259444,4,9713,1229
MGGL,0.042443287,0.023079438,4,9713,1229
THMA,0.040444452,0.030610986,4,9713,1229
MFPC,0.035217397,0.00075957784,4,9713,1229
MSKC,0.03408912,0.00033924705,4,9713,1229
FNLC,0.03385058,0.18125215,4,9713,1229
TVYC,0.032073867,0.0,4,9713,1229
ASVM,0.031090802,0.0,4,9713,1229
TFMA,0.029730534,0.0021451525,4,9713,1229
TQKC,0.029729499,0.0035999464,4,9713,1229
LCEV,0.0293954,0.0010455365,4,9713,1229
VWKF,0.029142713,0.0,4,9713,1229
KFCN,0.028615898,0.0011765376,4,9713,1229
WVIH,0.02842077,0.00029650005,4,9713,1229
SFHM,0.026842715,0.0,4,9713,1229
EFMG,0.02616018,0.036864843,4,9713,1229
ETGI,0.025388664,0.020756744,4,9713,1229
VSPL,0.024132133,0.00031418898,4,9713,1229
THQV,0.023619374,0.0031203302,4,9713,1229
VPSA,0.023364184,0.030662108,4,9713,1229
LGDA,0.02235462,0.0001821386,4,9713,1229
WKMS,0.021406239,0.080136076,4,9713,1229
FHWN,0.019461676,0.0009534011,4,9713,1229
MNGT,0.01811955,0.106309906,4,9713,1229
MKNG,0.017336125,0.07463323,4,9713,1229
SPCG,0.017016193,0.010495195,4,9713,1229
DACN,0.016348517,0.0,4,9713,1229
FPNC,0.016319009,0.002194336,4,9713,1229
FQCS,0.016132792,0.009216211,4,9713,1229
YHCS,0.014937439,0.033774376,4,9713,1229
MNMN,0.014872876,0.0010842601,4,9713,1229
NSMC,0.014775665,0.00074058835,4,9713,1229
FGCV,0.014694669,0.007636289,4,9713,1229
TMHC,0.014380953,0.0,4,9713,1229
VTGW,0.014277407,0.05105352,4,9713,1229
TKRN,0.012697651,0.0,4,9713,1229
FCLV,0.012521024,0.04822436,4,9713,1229
TTQV,0.012040726,0.00081319513,4,9713,1229
YLFD,0.011934687,0.0055297264,4,9713,1229
LNEN,0.0114345,0.00010634093,4,9713,1229
KLWA,0.011366178,0.0005453379,4,9713,1229
ANGG,0.011243646,0.004046141,4,9713,1229
VMFE,0.011015004,0.0002188546,4,9713,1229
MGDN,0.010849729,0.00013620013,4,9713,1229
MHAP,0.010263274,0.00077631144,4,9713,1229
RKIM,0.009988912,0.00023040529,4,9713,1229
KINN,0.009960763,0.00053513487,4,9713,1229
GAIN,0.009330147,0.0,4,9713,1229
DQLC,0.009079491,0.0013166015,4,9713,1229
RITC,0.008708759,0.000688756,4,9713,1229
LLFD,0.008677055,0.0021827868,4,9713,1229
YNCS,0.008629321,0.024295617,4,9713,1229
QCPG,0.00814483,0.0011891886,4,9713,1229
YHCE,0.0069763595,0.0010800246,4,9713,1229
ALSH,0.0068595717,0.00035446967,4,9713,1229
AISS,0.00676071,0.0004253636,4,9713,1229
VSKW,0.006362683,0.0003106588,4,9713,1229
YIIQ,0.006201328,0.0001280029,4,9713,1229
LAKF,0.0058817593,0.00047670057,4,9713,1229
FKAV,0.0058373036,0.004780371,4,9713,1229
RMSC,0.0057497555,0.0006027815,4,9713,1229
FEWS,0.0056735734,0.0,4,9713,1229
YLPM,0.0054126466,0.00016807679,4,9713,1229
LQLE,0.0051287943,0.00040809784,4,9713,1229
YHPS,0.0047235796,0.0008324319,4,9713,1229
DHDP,0.0045874557,0.0,4,9713,1229
SLRG,0.004086815,0.000271577,4,9713,1229
PRNN,0.004080169,0.00013620013,4,9713,1229
TNRF,0.004004297,0.0,4,9713,1229
HRHN,0.003526969,0.00075749675,4,9713,1229
AVID,0.0028017203,0.0050583174,4,9713,1229
ERIP,0.002279414,0.0,4,9713,1229
GEVN,0.0021721025,6.964389e-05,4,9713,1229
SIKD,0.0014122974,0.0029148802,4,9713,1229
EWQG,0.0010403928,0.0,4,9713,1229
KVMP,0.00092531904,0.0002741028,4,9713,1229
CRDH,0.00057963585,0.0006648969,4,9713,1229
YDPT,0.00039337226,0.0005485839,4,9713,1229
QLDA,0.00026264717,0.00023185438,4,9713,1229
CDFT,4.5760535e-06,0.06893146,4,9713,1229
IVHF,-0.00035855803,0.0004981735,4,9713,1229
SNLE,-0.00040505058,0.00021770572,4,9713,1229
NAKF,-0.00055002305,0.0,4,9713,1229
DGCH,-0.0008303921,0.0019749023,4,9713,1229
LNFY,-0.00087842764,0.0013275961,4,9713,1229
WGWL,-0.001209887,0.00033819844,4,9713,1229
QSWV,-0.0012451492,0.015787998,4,9713,1229
KEMV,-0.0012673305,0.00015463446,4,9713,1229
VNTT,-0.0013879824,0.00060434174,4,9713,1229
YVRI,-0.0016887288,0.00031598436,4,9713,1229
INMF,-0.001840974,0.0011849414,4,9713,1229
HEIH,-0.001974971,0.0,4,9713,1229
NLRG,-0.0019777033,0.0004427717,4,9713,1229
SDFP,-0.0019987829,0.0005200369,4,9713,1229
QVTW,-0.0020641875,0.000307207,4,9713,1229
TVHD,-0.0022566083,0.006440783,4,9713,1229
DEYD,-0.0023729925,0.0008873086,4,9713,1229
CWLW,-0.0024709327,0.0016619397,4,9713,1229
TNCW,-0.0029115349,0.0,4,9713,1229
EMEN,-0.0029783496,0.0004007048,4,9713,1229
SNRQ,-0.0029865603,0.00016004992,4,9713,1229
GVTR,-0.003024598,0.0001417879,4,9713,1229
YNIF,-0.0030729694,0.00020480469,4,9713,1229
PRMH,-0.0030753703,8.302892e-05,4,9713,1229
GNMW,-0.0033454958,0.00026585226,4,9713,1229
RIDK,-0.003385865,0.00047761554,4,9713,1229
NVQL,-0.0037505664,0.00019244991,4,9713,1229
AKPT,-0.0037718916,0.0,4,9713,1229
VDKD,-0.0038833504,0.010219847,4,9713,1229
SEIK,-0.0039647655,0.0004065975,4,9713,1229
CEVH,-0.004279934,0.00046862086,4,9713,1229
SGHE,-0.004397411,0.00019608955,4,9713,1229
TGEK,-0.0044500837,0.0,4,9713,1229
KDVE,-0.004571663,0.00020875644,4,9713,1229
NAVE,-0.0045807296,0.0001385896,4,9713,1229
FARL,-0.00463562,0.00043066408,4,9713,1229
EQRV,-0.0046361564,0.0,4,9713,1229
TEWD,-0.004721443,0.004524747,4,9713,1229
TNAK,-0.0047242185,0.0,4,9713,1229
TGCY,-0.0047435304,0.0,4,9713,1229
QKFW,-0.0048263725,0.00056812254,4,9713,1229
ENVH,-0.004987411,0.00023431043,4,9713,1229
GDPE,-0.0051465183,0.0,4,9713,1229
RIIY,-0.0051491186,0.0005190016,4,9713,1229
HQCP,-0.0051674563,0.0009129265,4,9713,1229
KLFT,-0.0056217313,0.0038765515,4,9713,1229
NQML,-0.0056378795,0.00023040529,4,9713,1229
TDPI,-0.0056820577,0.0,4,9713,1229
LHPW,-0.0056871427,0.0006912158,4,9713,1229
QSQP,-0.0057630884,0.00020071605,4,9713,1229
IEHN,-0.0059387973,0.00061441405,4,9713,1229
CCHS,-0.00610236,0.0011285156,4,9713,1229
RGRK,-0.0065402137,0.0002443275,4,9713,1229
TDCR,-0.006997152,0.0023698828,4,9713,1229
HCCY,-0.00723554,0.0005120117,4,9713,1229
HNWE,-0.007238118,0.0,4,9713,1229
RAVQ,-0.007270353,0.00026702596,4,9713,1229
CWPK,-0.0079296315,0.0012288281,4,9713,1229
TERY,-0.008009114,0.0,4,9713,1229
SMYC,-0.008010588,0.0005967331,4,9713,1229
GGYS,-0.008096748,0.0001933471,4,9713,1229
APTW,-0.008190261,0.00039506215,4,9713,1229
QEHF,-0.008413003,0.00031780035,4,9713,1229
PCME,-0.008421778,0.0024395853,4,9713,1229
CIRR,-0.008423133,0.0012757523,4,9713,1229
PNQQ,-0.008475213,0.0,4,9713,1229
NRKH,-0.008562946,0.0,4,9713,1229
LGQT,-0.008693148,0.0005720407,4,9713,1229
ERPS,-0.008837645,0.00034239795,4,9713,1229
ETGH,-0.00889005,0.0006307673,4,9713,1229
VHIH,-0.009264219,0.0004007048,4,9713,1229
DTYF,-0.0094800005,0.0,4,9713,1229
VAVV,-0.009603976,0.00051519193,4,9713,1229
GTKS,-0.009683744,0.00032720278,4,9713,1229
STEH,-0.0102304155,0.00025961152,4,9713,1229
MNGP,-0.010255526,0.0010966124,4,9713,1229
RCTH,-0.010328942,0.0011093587,4,9713,1229
EGWI,-0.010451121,0.000117155214,4,9713,1229
TPVT,-0.010612052,0.00023234142,4,9713,1229
RLLF,-0.010982933,0.00030733834,4,9713,1229
NGWP,-0.011228952,0.00037961508,4,9713,1229
ACER,-0.011306143,0.006244402,4,9713,1229
WRRR,-0.011375372,0.00029689082,4,9713,1229
GLCF,-0.011787201,0.00041266615,4,9713,1229
EFTE,-0.011818209,0.0034560792,4,9713,1229
KIAQ,-0.011884654,0.00025779614,4,9713,1229
ETHS,-0.011959781,0.00012624945,4,9713,1229
MGKW,-0.0121967485,0.0,4,9713,1229
KKIR,-0.012217684,0.00019749023,4,9713,1229
NFHH,-0.012367115,0.00062837807,4,9713,1229
RTGD,-0.012380022,0.0004253636,4,9713,1229
QIAY,-0.012570943,0.00047761554,4,9713,1229
QFVK,-0.012929113,0.00052167237,4,9713,1229
GQVR,-0.013135188,0.0,4,9713,1229
HTQQ,-0.013506062,0.00027106507,4,9713,1229
YPEF,-0.014108959,0.00012859827,4,9713,1229
KQPP,-0.014173791,0.00010552917,4,9713,1229
PMIE,-0.014680366,0.00014475721,4,9713,1229
PHET,-0.014802626,0.0005720407,4,9713,1229
RPLY,-0.015049963,0.00034223057,4,9713,1229
HCNP,-0.015141862,0.0006933826,4,9713,1229
MPRD,-0.015256888,0.0024603605,4,9713,1229
HFYY,-0.015746856,0.00031182665,4,9713,1229
NNHR,-0.01581315,0.0,4,9713,1229
TCEE,-0.016117882,0.0,4,9713,1229
NSGK,-0.01690224,6.826823e-05,4,9713,1229
HPYY,-0.017429987,0.00020480469,4,9713,1229
PSPI,-0.017546872,0.00048506376,4,9713,1229
TLAR,-0.017713813,0.00019713816,4,9713,1229
LDQY,-0.017816154,0.00032527806,4,9713,1229
NGPR,-0.018474681,0.0,4,9713,1229
IQSD,-0.018769352,0.0035680693,4,9713,1229
QMMR,-0.018918015,0.00017119892,4,9713,1229
NGFI,-0.01939099,0.0,4,9713,1229
HHQY,-0.019509496,0.0,4,9713,1229
EPSR,-0.0198048,0.00017389082,4,9713,1229
DWKA,-0.020543154,0.0,4,9713,1229
TCMI,-0.021295985,0.0024076593,4,9713,1229
VCDQ,-0.021645403,0.0004981735,4,9713,1229
KHAR,-0.023506539,0.00031016095,4,9713,1229
KYKQ,-0.023888666,0.0,4,9713,1229
NMAL,-0.026674906,0.00026382282,4,9713,1229
AMVR,-0.027621178,0.00037363017,4,9713,1229
IWEI,-0.028551104,0.0016263901,4,9713,1229
DWEC,-0.029037487,0.0023435159,4,9713,1229
QWPD,-0.02933233,0.002365983,4,9713,1229
GMYI,-0.029901836,0.0,4,9713,1229
KWET,-0.033121258,0.0,4,9713,1229
GMSI,-0.03394735,0.00022237509,4,9713,1229
SWEW,-0.034102704,0.0,4,9713,1229
TYIS,-0.034412086,0.0012343139,4,9713,1229
GWET,-0.03744341,0.0,4,9713,1229
HWQT,-0.03769515,0.0,4,9713,1229
VYRW,-0.052485075,0.00022662817,4,9713,1229
KWAI,-0.052858066,0.00034134116,4,9713,1229
FWAA,0.591921,0.8838785,5,12956,1613
FFAA,0.5223798,0.6989,5,12956,1613
IWAA,0.5143581,0.60950506,5,12956,1613
FMAA,0.45510644,0.24861167,5,12956,1613
YYAA,0.44678745,0.70425415,5,12956,1613
VMAA,0.42199782,0.29240346,5,12956,1613
FWGC,0.41225037,0.347038,5,12956,1613
FYAG,0.41198334,0.65570164,5,12956,1613
FYGV,0.4102271,0.41488224,5,12956,1613
FIAA,0.39544824,0.4641554,5,12956,1613
FHAA,0.38785774,0.57152176,5,12956,1613
FYMA,0.3862948,0.21804717,5,12956,1613
YWAA,0.38143203,0.57216406,5,12956,1613
FFGN,0.37985167,0.45427608,5,12956,1613
WYAA,0.37939093,0.3194099,5,12956,1613
FRAA,0.37777936,0.42857906,5,12956,1613
FSAA,0.3683547,0.4315467,5,12956,1613
FYAC,0.3593413,0.3349052,5,12956,1613
FYCA,0.35722855,0.56679696,5,12956,1613
MWAA,0.3564014,0.4531611,5,12956,1613
LFGV,0.3519313,0.40643904,5,12956,1613
VNAA,0.34403887,0.54470915,5,12956,1613
MYGV,0.3284143,0.28239053,5,12956,1613
MSAA,0.3278804,0.35259682,5,12956,1613
FFGA,0.32350886,0.44614506,5,12956,1613
INAA,0.32323945,0.50351787,5,12956,1613
FYLA,0.321955,0.15800682,5,12956,1613
IVAA,0.3212664,0.41321227,5,12956,1613
VVAA,0.31682044,0.4542208,5,12956,1613
FNAA,0.31412598,0.39565933,5,12956,1613
VFGF,0.30782086,0.2913604,5,12956,1613
RFGM,0.2943981,0.33229455,5,12956,1613
YYGA,0.2800019,0.32055324,5,12956,1613
IKAA,0.27793172,0.44354498,5,12956,1613
IFGF,0.27587387,0.29235378,5,12956,1613
YSAA,0.27356535,0.42666456,5,12956,1613
CWGC,0.2714365,0.27298155,5,12956,1613
FWAM,0.26964775,0.065830074,5,12956,1613
FYHA,0.26954007,0.0,5,12956,1613
IWGN,0.2643784,0.32544377,5,12956,1613
FMAG,0.2534592,0.13501956,5,12956,1613
YYAC,0.2526246,0.08504579,5,12956,1613
FYAN,0.2517224,0.0023698828,5,12956,1613
TFGC,0.25135955,0.2771446,5,12956,1613
FWGG,0.24991146,0.2718782,5,12956,1613
FWVA,0.247616,0.006175329,5,12956,1613
YRAA,0.24625076,0.41951135,5,12956,1613
FYRA,0.24556772,0.0008378374,5,12956,1613
FYAM,0.24244644,0.046789993,5,12956,1613
FYQA,0.24054943,0.0,5,12956,1613
FYGT,0.23934503,0.44964066,5,12956,1613
FHGV,0.23690256,0.28283805,5,12956,1613
LFGN,0.23629369,0.2329052,5,12956,1613
VHGA,0.2359989,0.2813326,5,12956,1613
FYAS,0.233471,0.49657494,5,12956,1613
YYMA,0.23188075,0.15923564,5,12956,1613
FFAC,0.23144801,0.23176503,5,12956,1613
HYAA,0.2284034,0.18906786,5,12956,1613
FRGA,0.22793935,0.36608645,5,12956,1613
IVAC,0.22691463,0.2931329,5,12956,1613
FHGN,0.22683871,0.28800657,5,12956,1613
FYAT,0.22484872,0.18745509,5,12956,1613
FNGC,0.22335434,0.14494586,5,12956,1613
LWAM,0.22327323,0.07758467,5,12956,1613
FVAG,0.22204341,0.2628612,5,12956,1613
AFGL,0.21953928,0.16573988,5,12956,1613
WYAG,0.21687356,0.07129397,5,12956,1613
FAGC,0.2157058,0.25688094,5,12956,1613
VSGA,0.21507409,0.21055692,5,12956,1613
VHAM,0.21245931,0.1616742,5,12956,1613
FWIG,0.21104997,0.024576562,5,12956,1613
FVGA,0.21093549,0.2972862,5,12956,1613
WYGV,0.21029179,0.038509663,5,12956,1613
FVAC,0.20824581,0.117084816,5,12956,1613
FHAC,0.20782186,0.1844366,5,12956,1613
FYAQ,0.20521094,0.0004981735,5,12956,1613
FNGA,0.20377469,0.3290134,5,12956,1613
HSAA,0.20314156,0.16083851,5,12956,1613
FAGA,0.19902152,0.45811656,5,12956,1613
LFGL,0.19822818,0.18911326,5,12956,1613
FYAL,0.19652614,0.03405647,5,12956,1613
YYCA,0.19545537,0.46443248,5,12956,1613
HHGC,0.1944975,0.18333852,5,12956,1613
HWAA,0.19234148,0.096920714,5,12956,1613
ISAC,0.19110297,0.35090315,5,12956,1613
YYLA,0.18970692,0.16509378,5,12956,1613
FYAE,0.18939061,0.0010913934,5,12956,1613
FYAD,0.187725,0.012777429,5,12956,1613
FMLA,0.18565197,0.09432842,5,12956,1613
VSGF,0.18405753,0.19515775,5,12956,1613
VCGF,0.18372853,0.14739446,5,12956,1613
FYAP,0.18361127,0.012066988,5,12956,1613
FAAC,0.18265855,0.06346618,5,12956,1613
VYLA,0.1810443,0.030654678,5,12956,1613
FIAC,0.18061566,0.14081912,5,12956,1613
MWGN,0.18000838,0.15762725,5,12956,1613
YYIA,0.17805527,0.0010099957,5,12956,1613
YVAG,0.1777641,0.228368,5,12956,1613
HDAA,0.17621341,0.08433933,5,12956,1613
THGF,0.1749968,0.16691582,5,12956,1613
WWGV,0.17398718,0.037383556,5,12956,1613
FLAC,0.17291677,0.03285166,5,12956,1613
WFGN,0.17202711,0.15472887,5,12956,1613
CYGA,0.17177059,0.06962581,5,12956,1613
FFGG,0.17161907,0.1605714,5,12956,1613
TRGC,0.17133683,0.14601934,5,12956,1613
MIAA,0.16952957,0.33421913,5,12956,1613
QYGV,0.16912432,0.19507647,5,12956,1613
IGAC,0.16870438,0.114408135,5,12956,1613
CHGF,0.16858748,0.18112338,5,12956,1613
FYNN,0.16855381,0.0,5,12956,1613
FFAM,0.16834977,0.03028782,5,12956,1613
FVMG,0.16774249,0.18334596,5,12956,1613
WYMG,0.16765627,0.30159372,5,12956,1613
FPAA,0.1673731,0.113823295,5,12956,1613
LFGF,0.16640165,0.17645466,5,12956,1613
FNGV,0.1647608,0.107879035,5,12956,1613
FNLA,0.1645827,0.17895591,5,12956,1613
RRGM,0.16366401,0.18852764,5,12956,1613
FWGD,0.1626006,0.024146939,5,12956,1613
IRGF,0.15834714,0.18900949,5,12956,1613
FWTA,0.15761447,0.0018432421,5,12956,1613
FFAN,0.15503627,0.000852601,5,12956,1613
WFGV,0.15462051,0.021080535,5,12956,1613
YYFA,0.15450352,0.07043568,5,12956,1613
YWLA,0.1534259,0.33744496,5,12956,1613
HYAC,0.15213239,0.005597576,5,12956,1613
YWVA,0.1511333,0.00317097,5,12956,1613
LFGI,0.14924504,0.15563504,5,12956,1613
FWWG,0.14918566,0.003770268,5,12956,1613
FYKN,0.14912823,0.0,5,12956,1613
IWLA,0.14805387,0.13629383,5,12956,1613
LFGG,0.14763227,0.068174526,5,12956,1613
FYAF,0.14746475,0.004388672,5,12956,1613
FCGV,0.14683509,0.11602551,5,12956,1613
RHGV,0.1447949,0.13432284,5,12956,1613
IWGT,0.1443269,0.16764681,5,12956,1613
FHAM,0.14431617,0.031598438,5,12956,1613
HVAA,0.1435563,0.22871183,5,12956,1613
FRAM,0.14308804,0.02459775,5,12956,1613
IGGC,0.14174314,0.07714462,5,12956,1613
TKGC,0.14124951,0.1130798,5,12956,1613
VKGA,0.14104046,0.17022046,5,12956,1613
FNTA,0.1405372,0.0010472967,5,12956,1613
LTGV,0.13938262,0.1147912,5,12956,1613
VCVA,0.13910113,0.0076855463,5,12956,1613
SHGF,0.13884813,0.13556749,5,12956,1613
VCLA,0.13858865,0.12928398,5,12956,1613
MWLA,0.13822718,0.3213555,5,12956,1613
QKGM,0.13792881,0.17095907,5,12956,1613
ITGC,0.1332181,0.1042013,5,12956,1613
FASA,0.12766871,0.033950895,5,12956,1613
HWAC,0.12759757,0.0019670965,5,12956,1613
EHGV,0.123889714,0.12927206,5,12956,1613
RFGV,0.12334126,0.1393743,5,12956,1613
FVCG,0.12055732,0.22262534,5,12956,1613
YCVA,0.12029238,0.0050024423,5,12956,1613
VKGF,0.1202474,0.13301112,5,12956,1613
YYGH,0.12004497,0.050311446,5,12956,1613
FYLV,0.11930376,0.030637674,5,12956,1613
HHGV,0.117578775,0.08165658,5,12956,1613
MACA,0.11733838,0.47140917,5,12956,1613
EWGI,0.116981,0.12818912,5,12956,1613
MALA,0.11576451,0.20517069,5,12956,1613
FFAL,0.11557011,0.016785419,5,12956,1613
YNMC,0.115244105,0.046290513,5,12956,1613
FVIG,0.11496084,0.011870094,5,12956,1613
AHAM,0.11428274,0.064590335,5,12956,1613
HHGF,0.11282656,0.10249284,5,12956,1613
YIVA,0.11278279,0.0015907758,5,12956,1613
SFGN,0.11247578,0.11435598,5,12956,1613
FYIN,0.11159037,0.0015081072,5,12956,1613
RKGC,0.11141383,0.11506443,5,12956,1613
TDGC,0.110537395,0.03210809,5,12956,1613
VSGT,0.10635647,0.09703696,5,12956,1613
YRVA,0.1054526,0.0014499283,5,12956,1613
YHVA,0.10513963,0.0020585114,5,12956,1613
RQGC,0.10485369,0.08587497,5,12956,1613
GFGL,0.10038848,0.023400832,5,12956,1613
FRWA,0.099355005,0.003058477,5,12956,1613
FFAE,0.09893331,0.0008200865,5,12956,1613
VSGS,0.0983299,0.10018626,5,12956,1613
FWAP,0.09602195,0.005134746,5,12956,1613
VWWG,0.09546907,0.0036735944,5,12956,1613
MVGV,0.0927171,0.12997402,5,12956,1613
CYIG,0.09113644,0.0050418093,5,12956,1613
YNGV,0.09066982,0.042466242,5,12956,1613
ANGF,0.09034494,0.13742997,5,12956,1613
KHGI,0.08874294,0.06747813,5,12956,1613
KQGC,0.0885334,0.08151839,5,12956,1613
MICA,0.08795507,0.36518094,5,12956,1613
LHGI,0.08634824,0.12180144,5,12956,1613
FHAL,0.08607004,0.009672136,5,12956,1613
CFGG,0.08404464,0.018266737,5,12956,1613
FYNC,0.08288063,0.0,5,12956,1613
HYGE,0.080645576,0.0007540536,5,12956,1613
LRLG,0.077993944,0.5085378,5,12956,1613
LYLV,0.07678466,0.033316217,5,12956,1613
TRAC,0.07634043,0.009854958,5,12956,1613
FYLL,0.07499786,0.0031234857,5,12956,1613
FVAP,0.070895284,0.0010855122,5,12956,1613
DFGG,0.06967439,0.0016968475,5,12956,1613
WFGS,0.06924504,0.06998142,5,12956,1613
FCSN,0.06909393,0.0017723483,5,12956,1613
VQLG,0.06840926,0.18182491,5,12956,1613
RIGC,0.06756061,0.12616508,5,12956,1613
AQAM,0.06542558,0.025529437,5,12956,1613
MHLG,0.065032385,0.2935551,5,12956,1613
AHCM,0.06460423,0.0309153,5,12956,1613
MNPA,0.06421256,0.0013166015,5,12956,1613
RQGV,0.06334324,0.029293593,5,12956,1613
FCGD,0.05946386,0.021195222,5,12956,1613
FNGD,0.05792597,0.01464063,5,12956,1613
LRGI,0.051292412,0.08337825,5,12956,1613
YMPG,0.049272925,0.00021544386,5,12956,1613
AHMM,0.046232477,0.0,5,12956,1613
HTGV,0.04621271,0.013537397,5,12956,1613
AYGT,0.046102293,0.023347734,5,12956,1613
FAMT,0.045462463,0.029512584,5,12956,1613
TAAM,0.043727122,0.007741617,5,12956,1613
HYAM,0.04214762,0.0099616395,5,12956,1613
MYDA,0.039723285,0.00023136927,5,12956,1613
HFGS,0.03818971,0.17995198,5,12956,1613
LRKG,0.036375828,0.0011348319,5,12956,1613
GQAC,0.03637062,0.0,5,12956,1613
AFEL,0.034643143,0.0003894174,5,12956,1613
AFHL,0.034254543,0.0009534011,5,12956,1613
LSFS,0.034132283,0.016196046,5,12956,1613
FCCT,0.032931693,0.0107373325,5,12956,1613
MSAP,0.031785898,0.00059803383,5,12956,1613
THVG,0.031658318,0.019233832,5,12956,1613
CYEG,0.027983606,0.0,5,12956,1613
SFGS,0.02778645,0.023408586,5,12956,1613
FFCY,0.026828077,0.0012426352,5,12956,1613
ENSM,0.023929248,0.00062837807,5,12956,1613
QNFC,0.023414958,0.0072759558,5,12956,1613
DSCM,0.02181246,0.00090651255,5,12956,1613
RDGA,0.020963326,0.0017714524,5,12956,1613
FRRD,0.019796252,0.0024120053,5,12956,1613
MSLD,0.019044466,0.0029103823,5,12956,1613
HLSN,0.018969258,0.00016291281,5,12956,1613
FFVP,0.018422777,0.00047835003,5,12956,1613
VEMS,0.018156819,0.0024983704,5,12956,1613
CACP,0.014499242,0.0008367349,5,12956,1613
AVPC,0.014301661,0.0017280395,5,12956,1613
IVCW,0.013799915,0.0010151765,5,12956,1613
RRNC,0.01328764,0.00031521247,5,12956,1613
RKRC,0.012974296,0.0008308437,5,12956,1613
SYEF,0.012164762,0.0,5,12956,1613
SFKL,0.011989439,0.00023550793,5,12956,1613
QLDN,0.011928167,0.00021899906,5,12956,1613
RCCF,0.011532268,0.0010702696,5,12956,1613
ATCM,0.011137005,0.0055297264,5,12956,1613
LSKN,0.010602238,0.00014288696,5,12956,1613
MDTV,0.010546457,0.00065569876,5,12956,1613
DSFS,0.009888539,0.00026585226,5,12956,1613
WATN,0.009830179,0.00024237996,5,12956,1613
KVYL,0.009379806,0.0004595919,5,12956,1613
CNYM,0.008167471,0.0014230913,5,12956,1613
MHMT,0.008127554,0.06716471,5,12956,1613
VWFN,0.007847098,0.011599714,5,12956,1613
VVKQ,0.007751642,0.0,5,12956,1613
AVEY,0.0077377753,0.0,5,12956,1613
DLAM,0.0076455455,0.00060544454,5,12956,1613
SDQE,0.0073373336,0.00032149578,5,12956,1613
QVTC,0.007263301,0.0005113804,5,12956,1613
NKFT,0.007130295,0.0013166015,5,12956,1613
DRRD,0.006873302,0.0013768259,5,12956,1613
GDCV,0.0067678075,0.0012343139,5,12956,1613
GFDC,0.006705163,0.00023234142,5,12956,1613
DSFH,0.0065338854,0.00073241413,5,12956,1613
TQPD,0.006525699,0.007730431,5,12956,1613
WVTL,0.0061089024,0.0003473067,5,12956,1613
VNSD,0.0060093645,0.0046081054,5,12956,1613
QVSC,0.0059831254,0.0015986733,5,12956,1613
LDRS,0.0053474754,0.0003368361,5,12956,1613
YVTE,0.0050987843,0.0001380131,5,12956,1613
YQSH,0.0048652105,0.0001333535,5,12956,1613
AEMK,0.004202841,0.0013723276,5,12956,1613
YNYY,0.004002165,0.00061441405,5,12956,1613
WSPD,0.0040004607,0.0,5,12956,1613
TEPT,0.003979426,0.0012021145,5,12956,1613
WWPW,0.0036936123,0.000281411,5,12956,1613
YADP,0.0035533346,0.00019977336,5,12956,1613
ISRL,0.003348155,0.00042259696,5,12956,1613
QEPD,0.0033377167,0.0016855465,5,12956,1613
TRRD,0.0033263005,0.0015043494,5,12956,1613
TTGP,0.0028593298,0.0001067515,5,12956,1613
GNDT,0.0023243092,0.000121000536,5,12956,1613
CGFI,0.0022844803,0.0037657635,5,12956,1613
LSPK,0.0022088122,7.5336866e-05,5,12956,1613
ALQQ,0.0019506533,0.0014551912,5,12956,1613
PDFK,0.0018214192,0.0,5,12956,1613
HWTA,0.0015472844,0.00046273865,5,12956,1613
QDRW,0.0013770536,0.00034821953,5,12956,1613
DLQK,0.00084536336,0.0,5,12956,1613
FTDF,0.00070378557,0.0,5,12956,1613
QFFH,0.00059231743,0.0,5,12956,1613
EDPF,0.0004336927,0.00017280396,5,12956,1613
NRLQ,0.000111157075,0.00013378373,5,12956,1613
CVTY,-0.00056000985,0.00088576856,5,12956,1613
GLEW,-0.00086578727,0.0,5,12956,1613
INKF,-0.0010362212,0.00025135124,5,12956,1613
KCFN,-0.001138961,0.0030720702,5,12956,1613
NQHC,-0.0013497714,0.0010240235,5,12956,1613
SEVL,-0.0014099255,0.00020352901,5,12956,1613
DHYV,-0.0014132205,0.0,5,12956,1613
HHQP,-0.0014696699,0.00026083618,5,12956,1613
PQHC,-0.0015781708,0.0,5,12956,1613
NTFQ,-0.0016332176,0.00012288279,5,12956,1613
DEYW,-0.0019329637,0.0010930423,5,12956,1613
NVCR,-0.0019938536,0.0011261381,5,12956,1613
QNPK,-0.002025405,0.00015275492,5,12956,1613
NKPE,-0.0022974238,0.00025135124,5,12956,1613
GEQS,-0.0024451856,0.0,5,12956,1613
RIDM,-0.002514504,0.00013487138,5,12956,1613
ATDS,-0.0026095603,0.0,5,12956,1613
DLKI,-0.0026944634,0.0008378374,5,12956,1613
RGCH,-0.0027596503,0.0006101954,5,12956,1613
LKSK,-0.0029906165,0.00020210988,5,12956,1613
RDYK,-0.0033357702,0.00036063432,5,12956,1613
WVTP,-0.0037564933,0.00025940855,5,12956,1613
TSTS,-0.003763089,0.00047835003,5,12956,1613
DEIY,-0.003879439,0.0,5,12956,1613
LHIT,-0.004031593,0.0007340345,5,12956,1613
PTSD,-0.0044631157,0.001437739,5,12956,1613
ENMY,-0.004581878,0.00024467814,5,12956,1613
PDPV,-0.004594611,0.00031780035,5,12956,1613
KRDT,-0.0053170454,0.00032869,5,12956,1613
PDWS,-0.0057338756,0.0,5,12956,1613
RNNI,-0.005963145,0.00042405876,5,12956,1613
RQAE,-0.006040547,0.00016137332,5,12956,1613
EPGF,-0.0061282236,0.0,5,12956,1613
HCDY,-0.006286148,0.0,5,12956,1613
HWMS,-0.006483065,0.0043401923,5,12956,1613
CRWY,-0.00685996,0.0010186338,5,12956,1613
GHLK,-0.006930802,0.0,5,12956,1613
APQL,-0.00737446,0.0,5,12956,1613
WTNE,-0.0073849056,0.00014811772,5,12956,1613
GFLI,-0.0076997634,0.00031241393,5,12956,1613
WWHW,-0.008165307,0.00048720054,5,12956,1613
KEEK,-0.008404138,0.0,5,12956,1613
PREI,-0.008851832,0.00019608955,5,12956,1613
HTWR,-0.008924084,0.00028981795,5,12956,1613
MHES,-0.009026861,0.0,5,12956,1613
SPSP,-0.009034393,0.0002459975,5,12956,1613
FLSR,-0.009729749,0.00027307292,5,12956,1613
VPTY,-0.010332191,0.0,5,12956,1613
AYTQ,-0.010461638,0.0033395747,5,12956,1613
ACHP,-0.01056453,0.0065420875,5,12956,1613
TTYI,-0.010959605,0.0,5,12956,1613
SCNC,-0.010997487,0.00033717847,5,12956,1613
CHVQ,-0.011022059,0.00070201606,5,12956,1613
HQTQ,-0.011135673,0.00035446967,5,12956,1613
DAGH,-0.011401935,0.0004253636,5,12956,1613
AQIY,-0.012080336,0.0011676227,5,12956,1613
QHNY,-0.012194505,0.0,5,12956,1613
QKSI,-0.013005035,0.00029476153,5,12956,1613
PRYY,-0.013211278,0.00048224357,5,12956,1613
FEDM,-0.013384635,0.0,5,12956,1613
IVVE,-0.013471598,0.0004183904,5,12956,1613
TVYR,-0.01549075,0.0,5,12956,1613
ICGR,-0.016736126,0.0026999603,5,12956,1613
TWWY,-0.017507141,0.0,5,12956,1613
WLNH,-0.017560435,0.00024205998,5,12956,1613
EMPH,-0.018006617,0.0,5,12956,1613
SGNI,-0.019175684,0.00029413437,5,12956,1613
SMPP,-0.019803228,0.00033219243,5,12956,1613
MTTR,-0.020059614,0.00020292576,5,12956,1613
EFHY,-0.020306213,0.0,5,12956,1613
KCVY,-0.02041869,0.00037195472,5,12956,1613
FLDL,-0.020522809,0.0003327152,5,12956,1613
YMSQ,-0.020698315,0.00016051455,5,12956,1613
MLYP,-0.02104115,0.001277878,5,12956,1613
MHSP,-0.021778675,0.00029103828,5,12956,1613
QYKS,-0.021953607,0.0,5,12956,1613
VQSR,-0.022408778,0.00019891108,5,12956,1613
NFRV,-0.02470346,0.0001933471,5,12956,1613
IGRQ,-0.025036825,0.000113780385,5,12956,1613
DYQA,-0.02514862,0.00081858336,5,12956,1613
YWNP,-0.026601592,0.0005283178,5,12956,1613
PCNW,-0.029825805,0.0012859829,5,12956,1613
VMRR,-0.04322642,0.0002455837,5,12956,1613
PWKH,-0.04460655,0.002513512,5,12956,1613
