{"run_id": "14:49:48-05/18/2022", "exp_name": "BO_EVO_proposal-function=UCB", "encoder_name": "onehot", "model_name": "GPyTorch", "landscape_name": "GB1_combo", "rounds": 2, "expmt_queries_per_round": 768, "model_queries_per_round": 6144}
sequence,model_score,true_score,round,model_cost,measurement_cost
TKAA,,0.15863559,0,0,1
VKAA,0.14666975,0.46569434,1,6464,769
TKAI,0.14666975,0.0006826823,1,6464,769
YKAA,0.14666975,0.32659346,1,6464,769
TWAA,0.14666975,0.022398893,1,6464,769
TKTA,0.14666975,0.00037617187,1,6464,769
TKHA,0.14666975,0.0,1,6464,769
TKYA,0.14666975,0.0015360351,1,6464,769
TKDA,0.14666975,0.00028800662,1,6464,769
TPAA,0.14666975,0.018686661,1,6464,769
TYAA,0.14666975,0.030720703,1,6464,769
TRAA,0.14666975,0.21718201,1,6464,769
TKPA,0.14666975,0.0010634089,1,6464,769
PKAA,0.14666975,0.0015157094,1,6464,769
NKAA,0.14666975,0.015232349,1,6464,769
TDAA,0.14666975,0.123497225,1,6464,769
TAAA,0.14666975,0.12946582,1,6464,769
TQAA,0.14666975,0.106908046,1,6464,769
TKIA,0.14666975,0.0,1,6464,769
TKEA,0.14666975,0.00047670057,1,6464,769
TKSA,0.14666975,0.012632565,1,6464,769
TKCA,0.14666975,0.21740556,1,6464,769
TKVA,0.14666975,0.0008847563,1,6464,769
TKMA,0.14666975,0.004663625,1,6464,769
KKAA,0.14666975,0.042078394,1,6464,769
TKAH,0.14666975,0.0002684333,1,6464,769
TKAQ,0.14666975,0.0011520264,1,6464,769
TKAN,0.14666975,0.0004065975,1,6464,769
QKAA,0.14666975,0.09719445,1,6464,769
TKAS,0.14666975,0.00075064163,1,6464,769
TKAG,0.14666975,0.027648631,1,6464,769
TLAA,0.14666975,0.047610946,1,6464,769
EKAA,0.14666975,0.1020037,1,6464,769
TKAM,0.14666975,0.0056234505,1,6464,769
TKAK,0.14666975,0.0,1,6464,769
TKAC,0.14666975,0.0046081054,1,6464,769
TKAL,0.14666975,0.005294419,1,6464,769
FKAA,0.14666975,0.36509183,1,6464,769
MKAA,0.14666975,0.30486315,1,6464,769
TKAV,0.14666975,0.0005566838,1,6464,769
TKAF,0.14666975,0.0,1,6464,769
TFAA,0.14666975,0.010336723,1,6464,769
TKLA,0.14666975,0.0023738726,1,6464,769
TSAA,0.14666975,0.20506069,1,6464,769
TKAR,0.14666975,0.0004915313,1,6464,769
TKAT,0.14666975,0.0013229011,1,6464,769
TTAA,0.14666975,0.07090921,1,6464,769
THAA,0.14666975,0.219141,1,6464,769
TKWA,0.14666975,0.0005027024,1,6464,769
TNAA,0.14666975,0.2194753,1,6464,769
TKNA,0.14666975,0.014153467,1,6464,769
TKGA,0.14666975,0.047065992,1,6464,769
AKAA,0.14666975,0.19160017,1,6464,769
TKQA,0.14666975,0.0,1,6464,769
TKKA,0.14666975,0.0,1,6464,769
TKAE,0.14666975,0.0004007048,1,6464,769
TKAP,0.14666975,0.0005442644,1,6464,769
TKFA,0.14666975,0.0034029086,1,6464,769
TKAY,0.14666975,0.0,1,6464,769
RKAA,0.14666975,0.028068434,1,6464,769
TCAA,0.14666975,0.16036206,1,6464,769
TGAA,0.14666975,0.014801793,1,6464,769
IKAA,0.14666975,0.44354498,1,6464,769
HKAA,0.14666975,0.1733518,1,6464,769
LKAA,0.14666975,0.39849457,1,6464,769
SKAA,0.14666975,0.051055714,1,6464,769
GKAA,0.14666975,0.0015659856,1,6464,769
TIAA,0.14666975,0.22109404,1,6464,769
TMAA,0.14666975,0.052276056,1,6464,769
TVAA,0.14666975,0.18495056,1,6464,769
CKAA,0.14666975,0.2871039,1,6464,769
TEAA,0.14666975,0.05427324,1,6464,769
WKAA,0.14666975,0.24896057,1,6464,769
DKAA,0.14666975,0.0011401498,1,6464,769
THQA,0.14597557,0.0081798015,1,6464,769
TTAS,0.14597557,0.0007248705,1,6464,769
TKSR,0.14597557,0.00024360027,1,6464,769
TTAF,0.14597557,0.00031780035,1,6464,769
TIAF,0.14597557,0.0011171164,1,6464,769
TWQA,0.14597557,0.0,1,6464,769
TAQA,0.14597557,0.0,1,6464,769
FYAA,0.14597557,0.8115687,1,6464,769
TQAY,0.14597557,0.0,1,6464,769
THAS,0.14597557,0.0017280395,1,6464,769
TSAN,0.14597557,0.0003894174,1,6464,769
TSKA,0.14597557,0.00047670057,1,6464,769
THMA,0.14597557,0.030610986,1,6464,769
WMAA,0.14597557,0.12981698,1,6464,769
VMAA,0.14597557,0.29240346,1,6464,769
TQQA,0.14597557,0.0,1,6464,769
DQAA,0.14597557,0.00038400877,1,6464,769
TQAN,0.14597557,0.0,1,6464,769
TMKA,0.14597557,0.00031418898,1,6464,769
PQAA,0.14597557,0.00046081058,1,6464,769
TIAV,0.14597557,0.0009589121,1,6464,769
MQAA,0.14597557,0.23831156,1,6464,769
WQAA,0.14597557,0.16403365,1,6464,769
TQDA,0.14597557,0.0,1,6464,769
TIAP,0.14597557,0.0005686094,1,6464,769
TNAC,0.14597557,0.004962575,1,6464,769
VGAA,0.14597557,0.338183,1,6464,769
TRAV,0.14597557,0.0020633307,1,6464,769
TCQA,0.14597557,0.0,1,6464,769
TWYA,0.14597557,0.007647494,1,6464,769
TADA,0.14597557,0.0,1,6464,769
CQAA,0.14597557,0.19211733,1,6464,769
CRAA,0.14597557,0.31916925,1,6464,769
CGAA,0.14597557,0.096728615,1,6464,769
ERAA,0.14597557,0.1484006,1,6464,769
LEAA,0.14597557,0.17273317,1,6464,769
MKFA,0.14597557,0.06835767,1,6464,769
WKAC,0.14597557,0.054478597,1,6464,769
IKAC,0.14597557,0.2793908,1,6464,769
IKAT,0.14597557,0.026578894,1,6464,769
NKAT,0.14597557,0.00038489973,1,6464,769
TIDA,0.14597557,0.00031963733,1,6464,769
TYAP,0.14597557,0.00043541152,1,6464,769
TYAF,0.14597557,0.0,1,6464,769
TVAF,0.14597557,0.0,1,6464,769
TVAE,0.14597557,0.0,1,6464,769
TGAE,0.14597557,0.0,1,6464,769
TDAR,0.14597557,0.0,1,6464,769
GQAA,0.14597557,0.0013597688,1,6464,769
THDA,0.14597557,0.0,1,6464,769
TKFP,0.14597557,0.00025482613,1,6464,769
TPAS,0.14597557,0.00061441405,1,6464,769
TFAF,0.14597557,0.0016655802,1,6464,769
WNAA,0.14597557,0.26053026,1,6464,769
DNAA,0.14597557,0.002101943,1,6464,769
TNNA,0.14597557,0.03196873,1,6464,769
TNLA,0.14597557,0.0019008435,1,6464,769
TLLA,0.14597557,0.0010965464,1,6464,769
TWLA,0.14597557,0.0070476905,1,6464,769
TEQA,0.14597557,0.0,1,6464,769
TEMA,0.14597557,0.0008378374,1,6464,769
TDAG,0.14597557,0.0071096485,1,6464,769
TDAS,0.14597557,0.0015191557,1,6464,769
TNAP,0.14597557,0.0004189187,1,6464,769
TNAR,0.14597557,0.00011666092,1,6464,769
TVAR,0.14597557,0.00019608955,1,6464,769
TVAS,0.14597557,0.0022787335,1,6464,769
TAAS,0.14597557,0.00076801755,1,6464,769
TAAP,0.14597557,0.0002583984,1,6464,769
TKYR,0.14597557,0.00046862086,1,6464,769
AKCA,0.14597557,0.33652335,1,6464,769
TKHP,0.14597557,0.00058826874,1,6464,769
AKSA,0.14597557,0.019992089,1,6464,769
CHAA,0.14597557,0.38999736,1,6464,769
VHAA,0.14597557,0.51554304,1,6464,769
NYAA,0.14597557,0.0010634089,1,6464,769
IEAA,0.14597557,0.2201405,1,6464,769
SEAA,0.14597557,0.01009621,1,6464,769
GKDA,0.14597557,0.00021146185,1,6464,769
DKDA,0.14597557,0.0,1,6464,769
TKSW,0.14597557,0.0007899609,1,6464,769
LKCA,0.14597557,0.478155,1,6464,769
TKCW,0.14597557,0.0,1,6464,769
TKCR,0.14597557,0.00052167237,1,6464,769
TKPE,0.14597557,0.0007899609,1,6464,769
NRAA,0.14597557,0.02210392,1,6464,769
VRAA,0.14597557,0.5382238,1,6464,769
IIAA,0.14597557,0.42178872,1,6464,769
IRAA,0.14597557,0.554466,1,6464,769
IHAA,0.14597557,0.47544438,1,6464,769
TTLA,0.14597557,0.0010560242,1,6464,769
TTDA,0.14597557,0.0007340345,1,6464,769
TTNA,0.14597557,0.0065055606,1,6464,769
TCDA,0.14597557,0.0,1,6464,769
TCLA,0.14597557,0.0049817357,1,6464,769
TCKA,0.14597557,0.0,1,6464,769
TCTA,0.14597557,0.00044594568,1,6464,769
TKMS,0.14597557,0.001642493,1,6464,769
TKMD,0.14597557,0.00022416476,1,6464,769
TKMG,0.14597557,0.018432422,1,6464,769
TKNM,0.14597557,0.0,1,6464,769
TKGC,0.14597557,0.1130798,1,6464,769
TKTC,0.14597557,0.0,1,6464,769
TKLC,0.14597557,0.0011059452,1,6464,769
TKLQ,0.14597557,0.0010240235,1,6464,769
TKNP,0.14597557,0.0,1,6464,769
TKNV,0.14597557,0.0,1,6464,769
TKNI,0.14597557,0.0,1,6464,769
DEAA,0.14597557,0.0,1,6464,769
DIAA,0.14597557,0.00074726035,1,6464,769
DLAA,0.14597557,0.0010405399,1,6464,769
TCAC,0.14597557,0.0015360351,1,6464,769
TIAC,0.14597557,0.025632586,1,6464,769
KKAN,0.14597557,0.00052414474,1,6464,769
KKAH,0.14597557,0.00051391515,1,6464,769
KKNA,0.14597557,0.00036864838,1,6464,769
KKKA,0.14597557,0.00029309504,1,6464,769
AKKA,0.14597557,0.0021573359,1,6464,769
AKLA,0.14597557,0.055297263,1,6464,769
WKWA,0.14597557,0.0030080688,1,6464,769
CKWA,0.14597557,0.0012705061,1,6464,769
LKWA,0.14597557,0.0012965772,1,6464,769
AKWA,0.14597557,0.0013824316,1,6464,769
TLAR,0.14597557,0.00019713816,1,6464,769
DKCA,0.14597557,0.0106151,1,6464,769
LKFA,0.14597557,0.11888565,1,6464,769
LKSA,0.14597557,0.14628276,1,6464,769
TAAC,0.14597557,0.0053513483,1,6464,769
TEAC,0.14597557,0.0010634089,1,6464,769
CLAA,0.14597557,0.12785053,1,6464,769
TIAG,0.14597557,0.026143946,1,6464,769
SLAA,0.14597557,0.0068607493,1,6464,769
SIAA,0.14597557,0.0809378,1,6464,769
KIAA,0.14597557,0.07980977,1,6464,769
VIAA,0.14597557,0.47236663,1,6464,769
CKKA,0.14597557,0.012859829,1,6464,769
HKAS,0.14597557,0.0062421854,1,6464,769
HKAM,0.14597557,0.0056778444,1,6464,769
GKAM,0.14597557,0.00033513492,1,6464,769
NEAA,0.14597557,0.0037732252,1,6464,769
PEAA,0.14597557,0.0009278064,1,6464,769
PYAA,0.14597557,0.0004310477,1,6464,769
IYAA,0.14597557,0.44646153,1,6464,769
TRAT,0.14597557,0.0017901992,1,6464,769
TRAQ,0.14597557,0.0005585582,1,6464,769
THAQ,0.14597557,0.0,1,6464,769
TTAR,0.14597557,0.00024253188,1,6464,769
TFAP,0.14597557,8.228757e-05,1,6464,769
TIAR,0.14597557,0.00016360139,1,6464,769
TLAV,0.14597557,0.0008976829,1,6464,769
TPDA,0.14597557,0.00075749675,1,6464,769
TPCA,0.14597557,0.12383472,1,6464,769
TPGA,0.14597557,0.0023431045,1,6464,769
RKAG,0.14597557,0.0014740626,1,6464,769
LKAG,0.14597557,0.14469157,1,6464,769
FKAG,0.14597557,0.20014538,1,6464,769
TRAP,0.14597557,0.00023169248,1,6464,769
TYAV,0.14597557,0.0,1,6464,769
WKDA,0.14597557,0.0002874078,1,6464,769
TVAV,0.14597557,0.00088712195,1,6464,769
TAAV,0.14597557,0.0008014096,1,6464,769
TNAV,0.14597557,0.0010017621,1,6464,769
TNDA,0.14597557,0.00064801483,1,6464,769
FKAV,0.14597557,0.004780371,1,6464,769
GKYA,0.14597557,0.0010928313,1,6464,769
KKYA,0.14597557,0.004050846,1,6464,769
TMDA,0.14597557,0.00015890023,1,6464,769
TMCA,0.14597557,0.12829761,1,6464,769
RCAA,0.14597557,0.021562928,1,6464,769
REAA,0.14597557,0.0045727165,1,6464,769
TPAM,0.14597557,0.0011765376,1,6464,769
TEAS,0.14597557,0.0005368667,1,6464,769
TEAG,0.14597557,0.0023698828,1,6464,769
WHAA,0.14597557,0.26855397,1,6464,769
WRAA,0.14597557,0.3093595,1,6464,769
TRMA,0.14597557,0.0056098676,1,6464,769
TRGA,0.14597557,0.0655721,1,6464,769
TNGA,0.14597557,0.06646479,1,6464,769
TEGA,0.14597557,0.007540536,1,6464,769
TEDA,0.14597557,0.0,1,6464,769
CKDA,0.14597557,0.00053427304,1,6464,769
LKYA,0.14597557,0.014786898,1,6464,769
NKWA,0.14597557,0.0004189187,1,6464,769
DKWA,0.14597557,0.0,1,6464,769
YYAA,0.14597557,0.70425415,1,6464,769
YKYA,0.14597557,0.0016096806,1,6464,769
YKCA,0.14597557,0.37918124,1,6464,769
KKCA,0.14597557,0.28863558,1,6464,769
VKAG,0.14597557,0.2836006,1,6464,769
RKWA,0.14597557,0.00048198886,1,6464,769
TQMA,0.14597557,0.009216211,1,6464,769
TIMA,0.14597557,0.0075725554,1,6464,769
IKAV,0.14597557,0.025290117,1,6464,769
IKAN,0.14597557,0.0009363083,1,6464,769
DKSA,0.14597557,0.000117155214,1,6464,769
IKAW,0.14597557,0.0012669185,1,6464,769
IKAS,0.14597557,0.154671,1,6464,769
RKAK,0.14597557,0.00025771032,1,6464,769
WKAK,0.14597557,0.00048720054,1,6464,769
KKMA,0.14597557,0.0043136794,1,6464,769
VKAL,0.14597557,0.08468308,1,6464,769
DKAH,0.14597557,0.0,1,6464,769
VKAM,0.14597557,0.16016197,1,6464,769
MKAY,0.14597557,0.0005004277,1,6464,769
IKAG,0.14597557,0.2870966,1,6464,769
NQAA,0.14597557,0.004723308,1,6464,769
DKMA,0.14597557,0.00046468293,1,6464,769
TQKA,0.14597557,0.0,1,6464,769
LKMA,0.14597557,0.29223198,1,6464,769
SKMA,0.14597557,0.0020610092,1,6464,769
NKMA,0.14597557,0.0,1,6464,769
NKKA,0.14597557,0.0,1,6464,769
GKKA,0.14597557,0.0003857949,1,6464,769
LKKA,0.14597557,0.0047204983,1,6464,769
HKKA,0.14597557,0.00037363017,1,6464,769
HKMA,0.14597557,0.026687583,1,6464,769
AKAV,0.14597557,0.00086401973,1,6464,769
AKAG,0.14597557,0.007212687,1,6464,769
DKPA,0.14597557,0.0,1,6464,769
DFAA,0.14597557,0.000524974,1,6464,769
DRAA,0.14597557,0.0008442331,1,6464,769
TRKA,0.14597557,0.00046862086,1,6464,769
TEKA,0.14597557,0.0,1,6464,769
TVAG,0.14597557,0.029504245,1,6464,769
WEAA,0.14597557,0.08663942,1,6464,769
TWAR,0.14597557,0.0,1,6464,769
TWNA,0.14597557,0.0010240235,1,6464,769
TPPA,0.14597557,0.0,1,6464,769
TEPA,0.14597557,0.0,1,6464,769
TYPA,0.14597557,0.0007275955,1,6464,769
TIFA,0.14597557,0.01223476,1,6464,769
TRFA,0.14597557,0.004842416,1,6464,769
TDDA,0.14597557,0.0,1,6464,769
TDNA,0.14597557,0.041918892,1,6464,769
WIAA,0.14597557,0.31033412,1,6464,769
WCAA,0.14597557,0.21913119,1,6464,769
NIAA,0.14597557,0.022441734,1,6464,769
NDAA,0.14597557,0.009806048,1,6464,769
QIAA,0.14597557,0.13559045,1,6464,769
WTAA,0.14597557,0.13527288,1,6464,769
AEAA,0.14597557,0.04423781,1,6464,769
CIAA,0.14597557,0.3086134,1,6464,769
TWVA,0.14597557,0.0010532812,1,6464,769
THYA,0.14597557,0.012288281,1,6464,769
THHA,0.14597557,0.0,1,6464,769
TSHA,0.14597557,0.0010913934,1,6464,769
TKHM,0.14597557,0.0,1,6464,769
TEAR,0.14597557,0.0,1,6464,769
TEAM,0.14597557,0.0029623534,1,6464,769
TEAP,0.14597557,0.00027927916,1,6464,769
TYAY,0.14597557,0.0018432421,1,6464,769
TFAG,0.14597557,0.006086177,1,6464,769
TEAF,0.14597557,0.0015360351,1,6464,769
TCAG,0.14597557,0.015897963,1,6464,769
TCAF,0.14597557,0.0023040527,1,6464,769
TCAP,0.14597557,0.0012379985,1,6464,769
TTAP,0.14597557,0.00043032886,1,6464,769
TTAN,0.14597557,0.0,1,6464,769
NKAN,0.14597557,0.00013755541,1,6464,769
GKAN,0.14597557,0.00014325717,1,6464,769
RKAW,0.14597557,0.00025566766,1,6464,769
RKAM,0.14597557,0.0009340754,1,6464,769
TWHA,0.14597557,0.0,1,6464,769
TIHA,0.14597557,0.0006010572,1,6464,769
TRTA,0.14597557,0.00069556304,1,6464,769
TYYA,0.14597557,0.00064299145,1,6464,769
SKAF,0.14597557,0.00046763016,1,6464,769
WWAA,0.14597557,0.41982874,1,6464,769
IMAA,0.14597557,0.27615374,1,6464,769
ILAA,0.14597557,0.25153887,1,6464,769
IVAA,0.14597557,0.41321227,1,6464,769
NVAA,0.14597557,0.026415419,1,6464,769
AVAA,0.14597557,0.2157942,1,6464,769
LLAA,0.14597557,0.23398384,1,6464,769
AKYA,0.14597557,0.0,1,6464,769
DKYA,0.14597557,0.00039498045,1,6464,769
DKNA,0.14597557,0.0,1,6464,769
VKNA,0.14597557,0.0108449375,1,6464,769
AKNA,0.14597557,0.00089189137,1,6464,769
AKQA,0.14597557,0.0,1,6464,769
LCAA,0.14597557,0.29019013,1,6464,769
TVYA,0.14597557,0.002054966,1,6464,769
TEYA,0.14597557,0.004808458,1,6464,769
TRYA,0.14597557,0.0004808458,1,6464,769
TDYA,0.14597557,0.0013166015,1,6464,769
TKYC,0.14597557,0.0,1,6464,769
TKNC,0.14597557,0.0,1,6464,769
TKNR,0.14597557,0.00033717847,1,6464,769
TKIR,0.14597557,0.00062365335,1,6464,769
LIAA,0.14597557,0.40001738,1,6464,769
LRAA,0.14597557,0.46885478,1,6464,769
TDPA,0.14597557,0.0,1,6464,769
TSPA,0.14597557,0.00041266615,1,6464,769
AKPA,0.14597557,0.0,1,6464,769
NKPA,0.14597557,0.00022570313,1,6464,769
EKPA,0.14597557,0.0010671401,1,6464,769
TELA,0.14597557,0.0012288281,1,6464,769
TRQA,0.14597557,0.0,1,6464,769
TIKA,0.14597557,0.0,1,6464,769
TDWA,0.14597557,0.0009534011,1,6464,769
GDAA,0.14597557,0.00081528013,1,6464,769
TKNG,0.14597557,0.0017280395,1,6464,769
TKYF,0.14597557,0.0,1,6464,769
QKAP,0.14597557,0.00040252783,1,6464,769
TRAS,0.14597557,0.0014200205,1,6464,769
TQAW,0.14597557,0.0,1,6464,769
TIAW,0.14597557,0.0,1,6464,769
GKAP,0.14597557,0.0002477476,1,6464,769
TQAS,0.14597557,0.0015149936,1,6464,769
TQAR,0.14597557,0.0,1,6464,769
WKAL,0.14597557,0.010556012,1,6464,769
TDAE,0.14597557,0.0011520264,1,6464,769
VKAS,0.14597557,0.11639897,1,6464,769
DKAS,0.14597557,0.00024686282,1,6464,769
DKAV,0.14597557,0.0,1,6464,769
KKFA,0.14597557,0.0050653983,1,6464,769
LKAI,0.14597557,0.01040707,1,6464,769
TEWA,0.14597557,0.0016756747,1,6464,769
LKAV,0.14597557,0.02347197,1,6464,769
PKIA,0.14597557,8.302892e-05,1,6464,769
TWQA,0.14597557,0.0,1,6464,769
EKPA,0.14597557,0.0010671401,1,6464,769
TKYW,0.14597557,0.0,1,6464,769
TSCA,0.14597557,0.32653034,1,6464,769
TPMA,0.14597557,0.0024395853,1,6464,769
TKRP,0.14597557,0.00021186686,1,6464,769
TKNN,0.14597557,0.0,1,6464,769
TKDQ,0.14597557,0.0,1,6464,769
RKAI,0.14597557,0.00015377438,1,6464,769
SKAG,0.14597557,0.0032332733,1,6464,769
TQAP,0.14597557,0.0,1,6464,769
TIAS,0.14597557,0.0037251152,1,6464,769
HKFA,0.14597557,0.00888706,1,6464,769
QKAI,0.14597557,0.0005079801,1,6464,769
TKMW,0.14597557,0.0,1,6464,769
TKDW,0.14597557,0.0,1,6464,769
TKKC,0.14597557,0.0019522611,1,6464,769
TKKH,0.14597557,0.0,1,6464,769
TKKT,0.14597557,0.0,1,6464,769
TRNA,0.14597557,0.028763497,1,6464,769
GRAA,0.14597557,0.0018480422,1,6464,769
DKFA,0.14597557,0.0,1,6464,769
HEAA,0.14597557,0.038545445,1,6464,769
QKAQ,0.14597557,0.00030134746,1,6464,769
GEAA,0.14597557,8.904551e-05,1,6464,769
VKAF,0.14597557,0.023946393,1,6464,769
NKAI,0.14597557,0.00051519193,1,6464,769
AKEA,0.14597557,0.0,1,6464,769
AKMA,0.14597557,0.062924474,1,6464,769
VKAC,0.14597557,0.2578478,1,6464,769
AKDA,0.14597557,0.0,1,6464,769
NKDA,0.14597557,0.0002737488,1,6464,769
NKLA,0.14597557,0.00029052852,1,6464,769
VKAI,0.14597557,0.020999987,1,6464,769
DKLA,0.14597557,0.00074726035,1,6464,769
QKLA,0.14597557,0.039249584,1,6464,769
THYM,0.14588897,0.0030786803,1,6464,769
TASV,0.14588897,0.0,1,6464,769
FKHN,0.14588897,0.00092162105,1,6464,769
TGSG,0.14588897,0.00041266615,1,6464,769
FWQA,0.14588897,0.0,1,6464,769
GFIA,0.14588897,0.0003463294,1,6464,769
TLWE,0.14588897,0.00054213003,1,6464,769
ETAE,0.14588897,0.00046081058,1,6464,769
TMGP,0.14588897,0.00023631314,1,6464,769
TTDQ,0.14588897,0.00055297266,1,6464,769
DSAE,0.14588897,0.00024042286,1,6464,769
TVSW,0.14588897,0.0004189187,1,6464,769
DTAC,0.14588897,0.0,1,6464,769
TYYQ,0.14588897,0.0,1,6464,769
TYTT,0.14588897,0.0006076623,1,6464,769
GHAP,0.14588897,0.0009267698,1,6464,769
PRAV,0.14588897,0.0001998696,1,6464,769
GKFV,0.14588897,0.0015974765,1,6464,769
TNDV,0.14588897,0.0,1,6464,769
APAM,0.14588897,0.0023040527,1,6464,769
MKNF,0.14588897,0.00081319513,1,6464,769
WPAM,0.14588897,0.0002737488,1,6464,769
RPAM,0.14588897,0.00027979293,1,6464,769
NEAS,0.14588897,0.00022442068,1,6464,769
KKIN,0.14588897,0.0004036297,1,6464,769
VKHF,0.14588897,0.0010115353,1,6464,769
KGAM,0.14588897,0.00022493808,1,6464,769
PYNA,0.14588897,0.00015275492,1,6464,769
TNMV,0.14588897,0.00044594568,1,6464,769
TNYV,0.14588897,0.0,1,6464,769
IISA,0.14588897,0.21719995,1,6464,769
GKND,0.14588897,0.017582195,1,6464,769
IFAT,0.14588897,0.019933322,1,6464,769
QKFP,0.14588897,0.0017302022,1,6464,769
QKQW,0.14588897,0.000307207,1,6464,769
DKLM,0.14588897,0.0010240235,1,6464,769
HKDG,0.14588897,0.0005945942,1,6464,769
RDAG,0.14588897,0.00038048576,1,6464,769
GTAE,0.14588897,0.00014437933,1,6464,769
RKEF,0.14588897,0.00031347657,1,6464,769
RKTI,0.14588897,0.000138474,1,6464,769
ALAE,0.14588897,0.0005120117,1,6464,769
RMAW,0.14588897,0.00019926939,1,6464,769
VIAE,0.14588897,0.0010394224,1,6464,769
DNDA,0.14588897,0.00062837807,1,6464,769
ANAP,0.14588897,0.0007275955,1,6464,769
CWAD,0.14588897,0.005545887,1,6464,769
CVAQ,0.14588897,0.0006002154,1,6464,769
WPAV,0.14588897,0.00013075017,1,6464,769
WRGA,0.14588897,0.16542454,1,6464,769
HEAI,0.14588897,0.0008253323,1,6464,769
HLAG,0.14588897,0.0036063434,1,6464,769
CLAE,0.14588897,0.0010889017,1,6464,769
WLAG,0.14588897,0.026275616,1,6464,769
WQAG,0.14588897,0.041331995,1,6464,769
WVAG,0.14588897,0.10359707,1,6464,769
FVAG,0.14588897,0.2628612,1,6464,769
AVAG,0.14588897,0.0126393745,1,6464,769
YRAG,0.14588897,0.17645971,1,6464,769
ANEA,0.14588897,0.0031902269,1,6464,769
DGAG,0.14588897,0.0,1,6464,769
VGAG,0.14588897,0.13732916,1,6464,769
QDAG,0.14588897,0.0034441203,1,6464,769
MWAH,0.14588897,0.00041498884,1,6464,769
WKFV,0.14588897,0.45298123,1,6464,769
AKLF,0.14588897,0.0,1,6464,769
DLAR,0.14588897,0.00012770733,1,6464,769
VRAM,0.14588897,0.22284509,1,6464,769
DGAC,0.14588897,0.0,1,6464,769
QLAQ,0.14588897,0.0003807545,1,6464,769
DLAF,0.14588897,0.0,1,6464,769
WVRA,0.14588897,0.13071114,1,6464,769
WVDA,0.14588897,0.00036289822,1,6464,769
LRKA,0.14588897,0.0072485427,1,6464,769
WARA,0.14588897,0.08227336,1,6464,769
WLVA,0.14588897,0.00075971166,1,6464,769
WPGA,0.14588897,0.00070464984,1,6464,769
WLEA,0.14588897,0.00027170806,1,6464,769
NCGD,0.14587817,0.0046094055,1,6464,769
QCIR,0.14587817,0.0005808536,1,6464,769
PYRG,0.14587817,0.0,1,6464,769
PWWD,0.14587817,0.0077919434,1,6464,769
PYVN,0.14587817,0.0,1,6464,769
PWNC,0.14587817,0.0013378371,1,6464,769
QAQD,0.14587817,0.0,1,6464,769
NGEI,0.14587817,0.00044237808,1,6464,769
QCMH,0.14587817,0.002513512,1,6464,769
QCQY,0.14587817,0.00038400877,1,6464,769
NETV,0.14587817,0.00013963952,1,6464,769
YWHT,0.14587817,0.0014301017,1,6464,769
QCTG,0.14587817,0.00065311725,1,6464,769
QGRS,0.14587817,0.00024462194,1,6464,769
QGSM,0.14587817,0.00017258819,1,6464,769
QIKS,0.14587817,0.0004904414,1,6464,769
YSWI,0.14587817,0.0006912158,1,6464,769
YSQD,0.14587817,0.0008964923,1,6464,769
NDVP,0.14587817,0.000109427354,1,6464,769
PQGW,0.14587817,0.00029413437,1,6464,769
PQPY,0.14587817,0.0,1,6464,769
NFCK,0.14587817,0.0017837827,1,6464,769
NGEM,0.14587817,0.0,1,6464,769
NHDW,0.14587817,0.0,1,6464,769
NHRP,0.14587817,0.00047787762,1,6464,769
NMER,0.14587817,0.00038759768,1,6464,769
NPNW,0.14587817,0.0,1,6464,769
NQWL,0.14587817,0.0002032988,1,6464,769
NSDQ,0.14587817,0.00013292608,1,6464,769
NTFI,0.14587817,0.00046338484,1,6464,769
NTTE,0.14587817,0.0,1,6464,769
NWHQ,0.14587817,0.0,1,6464,769
NWHT,0.14587817,0.0,1,6464,769
QLCL,0.14587817,0.0014335108,1,6464,769
NYRN,0.14587817,0.0005120117,1,6464,769
NYSW,0.14587817,0.0,1,6464,769
PEIY,0.14587817,0.0004189187,1,6464,769
PHKD,0.14587817,0.20925835,1,6464,769
PHWY,0.14587817,0.0005760131,1,6464,769
PLRN,0.14587817,9.933645e-05,1,6464,769
NGDW,0.14587817,0.0,1,6464,769
PLYR,0.14587817,0.00017746235,1,6464,769
PNRW,0.14587817,0.00031418898,1,6464,769
NWKL,0.14587817,0.0,1,6464,769
VPTG,0.14587817,0.0,1,6464,769
YRTP,0.14587817,0.00010017625,1,6464,769
RVEE,0.14587817,0.00017482109,1,6464,769
SAYW,0.14587817,0.0,1,6464,769
SFCC,0.14587817,0.039125424,1,6464,769
SFRG,0.14587817,0.0004567505,1,6464,769
SGSC,0.14587817,0.0007366421,1,6464,769
WWEQ,0.14587817,0.00018310349,1,6464,769
SLFD,0.14587817,0.0022118906,1,6464,769
SLSI,0.14587817,0.00024728337,1,6464,769
WVGI,0.14587817,0.0016964986,1,6464,769
SNND,0.14587817,0.002507561,1,6464,769
SNRL,0.14587817,0.00027176616,1,6464,769
STRM,0.14587817,0.00032187003,1,6464,769
STYC,0.14587817,0.00077416166,1,6464,769
WTLH,0.14587817,0.0014916637,1,6464,769
WNVQ,0.14587817,0.00016457515,1,6464,769
WNVH,0.14587817,0.0001933471,1,6464,769
WNKF,0.14587817,0.0006467516,1,6464,769
MTFL,0.14587817,0.0007958561,1,6464,769
WHYG,0.14587817,0.0999243,1,6464,769
WGRN,0.14587817,0.0002213755,1,6464,769
VAEK,0.14587817,0.0,1,6464,769
VASC,0.14587817,0.006964923,1,6464,769
VEHS,0.14587817,0.00087773433,1,6464,769
VFEK,0.14587817,0.0001291992,1,6464,769
VGMC,0.14587817,0.00047670057,1,6464,769
VRSR,0.14587817,0.00018840637,1,6464,769
VGSW,0.14587817,0.0002583984,1,6464,769
VRMH,0.14587817,0.00030383116,1,6464,769
RWPV,0.14587817,6.036817e-05,1,6464,769
RTSW,0.14587817,0.00012573913,1,6464,769
QMFP,0.14587817,0.00058361224,1,6464,769
RSFY,0.14587817,0.00026988905,1,6464,769
QNNV,0.14587817,0.00032400741,1,6464,769
QPST,0.14587817,0.00013501776,1,6464,769
QQWQ,0.14587817,0.0006743568,1,6464,769
QRCV,0.14587817,0.004818329,1,6464,769
QRTI,0.14587817,0.00046468293,1,6464,769
QSET,0.14587817,0.00031894603,1,6464,769
VPKK,0.14587817,0.0,1,6464,769
QVIH,0.14587817,0.00010971677,1,6464,769
QYDN,0.14587817,0.00053170446,1,6464,769
RADH,0.14587817,0.00018831881,1,6464,769
RGVV,0.14587817,0.0002099831,1,6464,769
RHCT,0.14587817,0.0042843954,1,6464,769
RHWE,0.14587817,0.00035560946,1,6464,769
YNLT,0.14587817,0.28592104,1,6464,769
YNDG,0.14587817,0.00051439315,1,6464,769
YLVT,0.14587817,0.0005995737,1,6464,769
RLVV,0.14587817,0.0002376438,1,6464,769
YLRR,0.14587817,0.00023868213,1,6464,769
YLQD,0.14587817,0.0009640807,1,6464,769
YIWK,0.14587817,0.0,1,6464,769
YIEI,0.14587817,0.0,1,6464,769
YHLY,0.14587817,0.00066623214,1,6464,769
RMKM,0.14587817,0.0005720407,1,6464,769
RPGS,0.14587817,0.0004698784,1,6464,769
YACV,0.14587817,0.039120894,1,6464,769
RPSH,0.14587817,0.00011611649,1,6464,769
WYML,0.14587817,0.015986143,1,6464,769
NACE,0.14587817,0.00069556304,1,6464,769
KCRF,0.14587817,0.0018189889,1,6464,769
MPRP,0.14587817,0.00047181966,1,6464,769
DYVV,0.14587817,0.00035675653,1,6464,769
EPHN,0.14587817,0.001256756,1,6464,769
EMRD,0.14587817,0.002619917,1,6464,769
EMLP,0.14587817,0.00010202451,1,6464,769
ELTR,0.14587817,0.00022478565,1,6464,769
ELFW,0.14587817,0.0,1,6464,769
EDHW,0.14587817,0.0,1,6464,769
ECMM,0.14587817,0.002005036,1,6464,769
DYQM,0.14587817,0.0055633932,1,6464,769
DISG,0.14587817,0.00024467814,1,6464,769
DYGT,0.14587817,0.0028117255,1,6464,769
DWSF,0.14587817,0.0,1,6464,769
DWRW,0.14587817,0.0,1,6464,769
DTMI,0.14587817,0.0,1,6464,769
DSHF,0.14587817,0.0,1,6464,769
DRYF,0.14587817,0.00092162105,1,6464,769
DNQK,0.14587817,0.006074879,1,6464,769
EQDD,0.14587817,0.016934918,1,6464,769
ESDK,0.14587817,0.0,1,6464,769
ESMS,0.14587817,0.0066842847,1,6464,769
EVNS,0.14587817,0.0007488171,1,6464,769
FTPL,0.14587817,0.00018937419,1,6464,769
FSYK,0.14587817,0.00024042286,1,6464,769
FSSQ,0.14587817,0.00016424932,1,6464,769
FSQY,0.14587817,0.0,1,6464,769
FRVM,0.14587817,0.0009747915,1,6464,769
FQLR,0.14587817,0.0006838884,1,6464,769
FQCP,0.14587817,0.0011765376,1,6464,769
FMVR,0.14587817,0.00029890414,1,6464,769
FMCP,0.14587817,0.0012180015,1,6464,769
FHCV,0.14587817,0.039498046,1,6464,769
FGEF,0.14587817,0.0,1,6464,769
FEFL,0.14587817,0.00064299145,1,6464,769
FAGI,0.14587817,0.020826243,1,6464,769
EYWL,0.14587817,0.0,1,6464,769
EWIP,0.14587817,0.0,1,6464,769
DMFV,0.14587817,0.0,1,6464,769
DHRD,0.14587817,0.004904821,1,6464,769
MPCI,0.14587817,0.0026512388,1,6464,769
CAEG,0.14587817,0.00081319513,1,6464,769
CLIG,0.14587817,0.0018731032,1,6464,769
CIQM,0.14587817,0.000307207,1,6464,769
CHRV,0.14587817,0.0004520212,1,6464,769
CGMT,0.14587817,0.0014080323,1,6464,769
CFRY,0.14587817,0.00077447144,1,6464,769
CDGT,0.14587817,0.016322687,1,6464,769
CAHP,0.14587817,0.0010548675,1,6464,769
ATYC,0.14587817,0.001418812,1,6464,769
DHGH,0.14587817,0.00053170446,1,6464,769
ASTD,0.14587817,0.0016233299,1,6464,769
AQWC,0.14587817,0.00093494216,1,6464,769
AQVV,0.14587817,0.0021268178,1,6464,769
ALSK,0.14587817,0.0,1,6464,769
AHHN,0.14587817,0.008907226,1,6464,769
AGVT,0.14587817,0.00070893933,1,6464,769
YWNT,0.14587817,0.00034560793,1,6464,769
CLPT,0.14587817,0.00074863207,1,6464,769
CPGC,0.14587817,0.02244645,1,6464,769
CQKT,0.14587817,0.0003106588,1,6464,769
CRQS,0.14587817,0.0011267468,1,6464,769
DGYH,0.14587817,0.0,1,6464,769
DGDP,0.14587817,0.0007788347,1,6464,769
DFIC,0.14587817,0.00062837807,1,6464,769
DEWV,0.14587817,0.0,1,6464,769
DESE,0.14587817,0.0,1,6464,769
DECQ,0.14587817,0.0,1,6464,769
DDWQ,0.14587817,0.0005572133,1,6464,769
DDPY,0.14587817,0.0,1,6464,769
DAEN,0.14587817,0.0,1,6464,769
CWNW,0.14587817,0.0,1,6464,769
CWLI,0.14587817,0.0027131836,1,6464,769
CVPM,0.14587817,0.00045872547,1,6464,769
CTVY,0.14587817,0.0007740379,1,6464,769
CTPC,0.14587817,0.00037745573,1,6464,769
CRQY,0.14587817,0.00075132155,1,6464,769
FVWL,0.14587817,0.0001601272,1,6464,769
FVYH,0.14587817,0.00031418898,1,6464,769
GGGM,0.14587817,0.0004755293,1,6464,769
LCIW,0.14587817,0.0013487138,1,6464,769
LIIV,0.14587817,0.00041955433,1,6464,769
LHRS,0.14587817,0.00042471013,1,6464,769
LFPC,0.14587817,0.0011622213,1,6464,769
LFGM,0.14587817,0.28908285,1,6464,769
LDKP,0.14587817,0.0,1,6464,769
LCYP,0.14587817,0.0059179435,1,6464,769
LCWY,0.14587817,0.029735321,1,6464,769
KVNT,0.14587817,0.00028607834,1,6464,769
GHDS,0.14587817,0.00018432419,1,6464,769
KTGR,0.14587817,0.00024786222,1,6464,769
KQWM,0.14587817,0.0004495713,1,6464,769
KPRR,0.14587817,0.00024618645,1,6464,769
KNFM,0.14587817,0.00012682859,1,6464,769
KIKP,0.14587817,0.00021159672,1,6464,769
KGCM,0.14587817,0.0006129007,1,6464,769
KDYQ,0.14587817,0.00029944372,1,6464,769
LISF,0.14587817,0.0005629063,1,6464,769
LLIC,0.14587817,0.0011409705,1,6464,769
LLRE,0.14587817,0.00023385306,1,6464,769
LMEC,0.14587817,0.00062271697,1,6464,769
MNRQ,0.14587817,9.124957e-05,1,6464,769
MISC,0.14587817,0.043120407,1,6464,769
MHRK,0.14587817,0.0,1,6464,769
MDKR,0.14587817,0.0,1,6464,769
LYLF,0.14587817,0.00151134,1,6464,769
LWSF,0.14587817,0.000413283,1,6464,769
LWHC,0.14587817,0.0014251872,1,6464,769
LSFQ,0.14587817,0.00061136414,1,6464,769
LRTC,0.14587817,0.0038186049,1,6464,769
LRNS,0.14587817,0.0068872045,1,6464,769
LQGI,0.14587817,0.04217588,1,6464,769
LPWY,0.14587817,0.00022570313,1,6464,769
LPWE,0.14587817,0.0,1,6464,769
LNYI,0.14587817,0.0021370924,1,6464,769
LNCH,0.14587817,0.0004036297,1,6464,769
KDGS,0.14587817,0.0008541854,1,6464,769
KCHV,0.14587817,0.0011520264,1,6464,769
KCEE,0.14587817,0.00052167237,1,6464,769
HQIV,0.14587817,0.0,1,6464,769
HMEH,0.14587817,0.00013963952,1,6464,769
HMEF,0.14587817,0.00050731434,1,6464,769
HIWH,0.14587817,0.00080373936,1,6464,769
HDMM,0.14587817,0.0009534011,1,6464,769
HCHN,0.14587817,0.00086401973,1,6464,769
HAKY,0.14587817,0.0006356007,1,6464,769
GSPG,0.14587817,0.00044775117,1,6464,769
GSLF,0.14587817,0.00018894284,1,6464,769
GQVD,0.14587817,0.0018780872,1,6464,769
GPYM,0.14587817,0.0,1,6464,769
GPSK,0.14587817,0.00022207742,1,6464,769
GPNL,0.14587817,0.0,1,6464,769
GMRE,0.14587817,0.0003434613,1,6464,769
GMIP,0.14587817,0.00029821333,1,6464,769
GHIC,0.14587817,0.0023040527,1,6464,769
HNWP,0.14587817,0.0005167969,1,6464,769
HSHV,0.14587817,0.0,1,6464,769
KCDR,0.14587817,0.0009267698,1,6464,769
HWDF,0.14587817,0.0,1,6464,769
IWKT,0.14587817,0.00079564407,1,6464,769
IRYW,0.14587817,0.00019133996,1,6464,769
IRCF,0.14587817,0.0013778388,1,6464,769
IPWR,0.14587817,0.00026415894,1,6464,769
IMHE,0.14587817,0.00022944919,1,6464,769
ILQM,0.14587817,0.0,1,6464,769
ILKL,0.14587817,0.00038987497,1,6464,769
ILDR,0.14587817,0.0002764863,1,6464,769
IIRQ,0.14587817,0.00035176374,1,6464,769
IHQV,0.14587817,0.0014551912,1,6464,769
IHHH,0.14587817,0.0011765376,1,6464,769
IEPD,0.14587817,0.0077449684,1,6464,769
ICTS,0.14587817,0.0018240417,1,6464,769
IATW,0.14587817,0.0,1,6464,769
HWDT,0.14587817,0.00017554691,1,6464,769
YYEM,0.14587817,0.00044594568,1,6464,769
VYAA,0.4247604,0.5202131,2,13058,1537
FHAA,0.39404157,0.57152176,2,13058,1537
FRAA,0.37342414,0.42857906,2,13058,1537
YHAA,0.36718205,0.5488027,2,13058,1537
LYAA,0.36507162,0.49366334,2,13058,1537
VVAA,0.358945,0.4542208,2,13058,1537
FVAA,0.35855964,0.40700093,2,13058,1537
YRAA,0.3568582,0.41951135,2,13058,1537
LHAA,0.35367325,0.41312164,2,13058,1537
FIAA,0.350018,0.4641554,2,13058,1537
VSAA,0.3478149,0.54937875,2,13058,1537
VNAA,0.34312978,0.54470915,2,13058,1537
VWAA,0.341611,0.61774945,2,13058,1537
ISAA,0.33579576,0.5320094,2,13058,1537
INAA,0.33111072,0.50351787,2,13058,1537
IWAA,0.329069,0.60950506,2,13058,1537
FSAA,0.32676637,0.4315467,2,13058,1537
VCAA,0.32538173,0.41170102,2,13058,1537
YIAA,0.32460928,0.4476192,2,13058,1537
FNAA,0.32401663,0.39565933,2,13058,1537
VAAA,0.32389084,0.6255503,2,13058,1537
YVAA,0.31552687,0.39461967,2,13058,1537
IAAA,0.31336573,0.5920644,2,13058,1537
ICAA,0.31251296,0.38316688,2,13058,1537
YNAA,0.3116419,0.39628544,2,13058,1537
VDAA,0.3098524,0.41944376,2,13058,1537
FWAA,0.30914864,0.8838785,2,13058,1537
VQAA,0.3063356,0.35871273,2,13058,1537
FCAA,0.30626827,0.28021422,2,13058,1537
FAAA,0.3062411,0.40680578,2,13058,1537
YSAA,0.30255955,0.42666456,2,13058,1537
LVAA,0.30070794,0.40077633,2,13058,1537
IDAA,0.2978332,0.39657015,2,13058,1537
VFAA,0.2951719,0.43311968,2,13058,1537
YWAA,0.29515406,0.57216406,2,13058,1537
MYAA,0.29439405,0.34062153,2,13058,1537
FYCA,0.29437873,0.56679696,2,13058,1537
IQAA,0.29431662,0.35198614,2,13058,1537
IKCA,0.29397863,0.35345688,2,13058,1537
FDAA,0.29073915,0.24970852,2,13058,1537
ITAA,0.29001734,0.23857263,2,13058,1537
VPAA,0.28903958,0.22622813,2,13058,1537
LSAA,0.28855494,0.42917636,2,13058,1537
FQAA,0.28489614,0.2570431,2,13058,1537
FTAA,0.28259528,0.2516812,2,13058,1537
MHAA,0.28231233,0.3197234,2,13058,1537
LWAA,0.28207266,0.60803336,2,13058,1537
LNAA,0.28206688,0.44525883,2,13058,1537
YCAA,0.28196347,0.33869573,2,13058,1537
VLAA,0.28187054,0.27221254,2,13058,1537
YAAA,0.28132007,0.39737582,2,13058,1537
IGAA,0.27873856,0.4219442,2,13058,1537
IPAA,0.2784089,0.22785568,2,13058,1537
IFAA,0.2775092,0.37927574,2,13058,1537
FFAA,0.27653092,0.6989,2,13058,1537
FMAA,0.27351388,0.24861167,2,13058,1537
FPAA,0.27173,0.113823295,2,13058,1537
FGAA,0.27128658,0.21715276,2,13058,1537
FYAG,0.27107593,0.65570164,2,13058,1537
LAAA,0.2673088,0.44254556,2,13058,1537
YDAA,0.2664341,0.1996325,2,13058,1537
VEAA,0.26373506,0.20426314,2,13058,1537
MRAA,0.26357248,0.40293735,2,13058,1537
YTAA,0.25861806,0.28315595,2,13058,1537
YFAA,0.2522261,0.5650018,2,13058,1537
LDAA,0.25172314,0.31170952,2,13058,1537
LSCA,0.25155514,0.53052664,2,13058,1537
YMAA,0.25108567,0.21906428,2,13058,1537
LFAA,0.24955216,0.39387694,2,13058,1537
LQAA,0.24876577,0.28755412,2,13058,1537
YPAA,0.2474252,0.09491271,2,13058,1537
YGAA,0.24733955,0.19749866,2,13058,1537
FEAA,0.24442187,0.13580358,2,13058,1537
AYAA,0.24440724,0.07372969,2,13058,1537
LTAA,0.24379936,0.23139256,2,13058,1537
LYCA,0.24282601,0.5306798,2,13058,1537
YSCA,0.24075094,0.43158638,2,13058,1537
MIAA,0.24031049,0.33421913,2,13058,1537
LICA,0.23771015,0.5028127,2,13058,1537
WVAA,0.23758882,0.2713078,2,13058,1537
MKCA,0.23740453,0.39733562,2,13058,1537
YLAA,0.23610255,0.2789058,2,13058,1537
LMAA,0.2357051,0.24513417,2,13058,1537
LRCA,0.23464066,0.5942575,2,13058,1537
LHCA,0.2344943,0.48656934,2,13058,1537
AHAA,0.23350036,0.24730165,2,13058,1537
LGAA,0.23252058,0.22795068,2,13058,1537
FYGA,0.2309275,0.54883146,2,13058,1537
VHCA,0.23067626,0.5107968,2,13058,1537
ISCA,0.22982657,0.49896404,2,13058,1537
IYCA,0.2287507,0.51177466,2,13058,1537
MVAA,0.22857833,0.33401364,2,13058,1537
VSCA,0.22555012,0.5445462,2,13058,1537
FYRA,0.22549081,0.0008378374,2,13058,1537
HHAA,0.22359172,0.33523968,2,13058,1537
FYAS,0.22164476,0.49657494,2,13058,1537
YEAA,0.2206665,0.117676936,2,13058,1537
IICA,0.21969458,0.32890704,2,13058,1537
EYAA,0.21914181,0.0060105724,2,13058,1537
FYAR,0.21897185,0.00023732735,2,13058,1537
MSAA,0.21744823,0.35259682,2,13058,1537
VYCA,0.21725008,0.5407047,2,13058,1537
FYAT,0.21618271,0.18745509,2,13058,1537
FYAY,0.21546489,0.00058207643,2,13058,1537
FYAK,0.21503931,0.00087773433,2,13058,1537
FYAH,0.21432349,0.001256756,2,13058,1537
FYAW,0.21366307,0.0027648632,2,13058,1537
ARAA,0.21358606,0.20627743,2,13058,1537
MNAA,0.21264264,0.34277028,2,13058,1537
FYAL,0.21187264,0.03405647,2,13058,1537
YYGA,0.2118384,0.32055324,2,13058,1537
LFCA,0.20979682,0.44891864,2,13058,1537
YICA,0.20939893,0.5125793,2,13058,1537
QHAA,0.20907089,0.124069355,2,13058,1537
IVCA,0.20790261,0.36801228,2,13058,1537
EHAA,0.2075862,0.13031293,2,13058,1537
FYKA,0.20353273,0.0014178787,2,13058,1537
IRAG,0.20250925,0.34573475,2,13058,1537
LNCA,0.20247003,0.57884896,2,13058,1537
CCAA,0.20108327,0.07434568,2,13058,1537
VHAG,0.20011964,0.42055902,2,13058,1537
LDCA,0.19988051,0.42000845,2,13058,1537
LTCA,0.1963951,0.27447864,2,13058,1537
MAAA,0.19517913,0.34875733,2,13058,1537
MCAA,0.19501501,0.21449828,2,13058,1537
LPCA,0.19319215,0.35674572,2,13058,1537
YYNA,0.1901977,0.0006798844,2,13058,1537
QRAA,0.18979973,0.13868959,2,13058,1537
VVCA,0.18942496,0.336625,2,13058,1537
AIAA,0.18877819,0.21593581,2,13058,1537
IHAG,0.18802789,0.30126768,2,13058,1537
YQCA,0.18673265,0.29670137,2,13058,1537
INCA,0.18652973,0.54149586,2,13058,1537
YTCA,0.18640503,0.24620871,2,13058,1537
FVCA,0.18638939,0.3574214,2,13058,1537
LLCA,0.18601173,0.3198636,2,13058,1537
IYAG,0.18428192,0.3456079,2,13058,1537
VHAC,0.18368363,0.33113557,2,13058,1537
FICA,0.18363029,0.39106625,2,13058,1537
VWCA,0.18335259,0.5406935,2,13058,1537
VNCA,0.18225321,0.54779893,2,13058,1537
CHCA,0.18172613,0.070736386,2,13058,1537
FHAG,0.18119052,0.3737416,2,13058,1537
ICCA,0.1798352,0.2891831,2,13058,1537
CSCA,0.17781186,0.03225315,2,13058,1537
IYAC,0.17719822,0.31963494,2,13058,1537
IDCA,0.17702127,0.4166363,2,13058,1537
IHAC,0.17669055,0.303374,2,13058,1537
VCCA,0.17640802,0.2437723,2,13058,1537
RHAA,0.17571636,0.031350452,2,13058,1537
VACA,0.17445017,0.5776955,2,13058,1537
VDCA,0.17274484,0.37194687,2,13058,1537
YLCA,0.17216642,0.26523176,2,13058,1537
AHCA,0.17210078,1.0,2,13058,1537
CFAA,0.17136204,0.13336399,2,13058,1537
IMCA,0.17117646,0.1834235,2,13058,1537
CYCA,0.16951175,0.0542656,2,13058,1537
WGAA,0.16675493,0.099654086,2,13058,1537
IGCA,0.16605914,0.3923894,2,13058,1537
VHGA,0.1660346,0.2813326,2,13058,1537
MMAA,0.16413723,0.21251403,2,13058,1537
MHCA,0.16327131,0.37637815,2,13058,1537
AWAA,0.16125754,0.040871892,2,13058,1537
FFCA,0.16078945,0.43930605,2,13058,1537
VRAD,0.1601072,0.008142883,2,13058,1537
MPAA,0.15996599,0.087392315,2,13058,1537
CICA,0.15914561,0.108258024,2,13058,1537
AICA,0.15615606,0.45329204,2,13058,1537
SRAA,0.15615134,0.07303217,2,13058,1537
GYAA,0.15607384,0.000946871,2,13058,1537
VYAM,0.15602106,0.12637728,2,13058,1537
VHSA,0.15572326,0.23489471,2,13058,1537
IVAC,0.15509303,0.2931329,2,13058,1537
EVAA,0.15378281,0.17836821,2,13058,1537
IIAC,0.15376928,0.3098593,2,13058,1537
IRFA,0.15230274,0.10962295,2,13058,1537
VHIA,0.15229294,0.0014024669,2,13058,1537
VRAN,0.15108591,0.0014962789,2,13058,1537
IRVA,0.15100065,0.004171859,2,13058,1537
VYGA,0.15084733,0.24270917,2,13058,1537
VRAS,0.15064609,0.17339502,2,13058,1537
VRAK,0.15022537,0.0007233654,2,13058,1537
FSAG,0.14954735,0.23769924,2,13058,1537
VRAR,0.14936277,0.00043167264,2,13058,1537
HYCA,0.14676924,0.25001422,2,13058,1537
IRTA,0.14646426,0.0061888993,2,13058,1537
VHTA,0.14613032,0.009507633,2,13058,1537
VHPA,0.1456845,0.002108794,2,13058,1537
VRAQ,0.14558816,0.00053860975,2,13058,1537
IYNA,0.1451535,0.00037810093,2,13058,1537
VHAP,0.1436597,0.0016884662,2,13058,1537
TNCA,0.14362964,0.47261882,2,13058,1537
VHAS,0.14340729,0.17818731,2,13058,1537
ESAA,0.14307852,0.15703005,2,13058,1537
IHAM,0.1430012,0.13163154,2,13058,1537
VHAW,0.14253266,0.0017499134,2,13058,1537
VYSA,0.14132926,0.03377284,2,13058,1537
VRAV,0.14115417,0.030504202,2,13058,1537
ANCA,0.14081277,0.7623123,2,13058,1537
IYAM,0.14024076,0.13910493,2,13058,1537
IYDA,0.13996716,9.109926e-05,2,13058,1537
DYAA,0.1398109,0.00039782203,2,13058,1537
IIFA,0.13958094,0.09095001,2,13058,1537
VYLA,0.13955182,0.030654678,2,13058,1537
IRQA,0.13882798,0.00046862086,2,13058,1537
CVCA,0.13867941,0.08665486,2,13058,1537
VAAG,0.13833328,0.25045052,2,13058,1537
WKFA,0.13780081,0.41362527,2,13058,1537
FHGA,0.13718623,0.41840854,2,13058,1537
ISSA,0.13688615,0.21799582,2,13058,1537
ISAC,0.13673113,0.35090315,2,13058,1537
YHGA,0.13614888,0.3914665,2,13058,1537
QHCA,0.13603562,0.43088466,2,13058,1537
VRTA,0.13539208,0.0058801603,2,13058,1537
VTAG,0.1347063,0.14021806,2,13058,1537
CNCA,0.13451488,0.061811093,2,13058,1537
VFAG,0.13436487,0.33054772,2,13058,1537
VYAS,0.13431619,0.17271157,2,13058,1537
VYVA,0.13389596,0.0022720697,2,13058,1537
IIEA,0.13363071,0.00029890414,2,13058,1537
WKFG,0.13317515,0.4492211,2,13058,1537
RIAA,0.1328685,0.058210064,2,13058,1537
VIAM,0.1325351,0.24257581,2,13058,1537
VYAT,0.13153139,0.033887736,2,13058,1537
VQAG,0.13116121,0.1822903,2,13058,1537
MACA,0.1311412,0.47140917,2,13058,1537
FRAM,0.13097493,0.02459775,2,13058,1537
IRAF,0.1308524,0.03358797,2,13058,1537
YHAC,0.13081522,0.08997262,2,13058,1537
INGA,0.13007256,0.28562966,2,13058,1537
YHSA,0.12996621,0.1409492,2,13058,1537
ADAA,0.12949927,0.19566724,2,13058,1537
VKMA,0.12896411,0.10651844,2,13058,1537
VIVA,0.12793472,0.0023712583,2,13058,1537
VDAG,0.12783304,0.23886138,2,13058,1537
LFMA,0.12693521,0.21390003,2,13058,1537
IAAC,0.12678105,0.2984759,2,13058,1537
FVRA,0.12629502,0.016445844,2,13058,1537
YHMA,0.12585257,0.2602852,2,13058,1537
LKAC,0.12557387,0.23607339,2,13058,1537
WFFV,0.12551853,0.27886072,2,13058,1537
VHAE,0.12543938,0.0,2,13058,1537
VNAM,0.124059826,0.23294252,2,13058,1537
FHIA,0.123636216,0.00074726035,2,13058,1537
QCAA,0.12316686,0.07976287,2,13058,1537
VNGA,0.122844145,0.27217352,2,13058,1537
FVGA,0.122445166,0.2972862,2,13058,1537
VKLA,0.12200278,0.06986164,2,13058,1537
VIEA,0.12195845,0.00048318,2,13058,1537
IHAQ,0.12011272,0.00082357624,2,13058,1537
ECAA,0.11980304,0.123799846,2,13058,1537
IRAN,0.11958575,0.0018229868,2,13058,1537
VLAG,0.11949864,0.14312342,2,13058,1537
VKAH,0.11931975,0.00029206296,2,13058,1537
LRIA,0.118346274,0.0007891698,2,13058,1537
YSGA,0.11825171,0.30956858,2,13058,1537
QRCA,0.11806682,0.38811317,2,13058,1537
FSGA,0.11663629,0.3547478,2,13058,1537
FNGA,0.11596118,0.3290134,2,13058,1537
VKAQ,0.115854144,0.0005621718,2,13058,1537
VSSA,0.1138107,0.20734644,2,13058,1537
YRIA,0.11255506,0.0009271397,2,13058,1537
GHCA,0.112300694,0.11173078,2,13058,1537
VDAM,0.11164978,0.15157375,2,13058,1537
WKFS,0.11125073,0.03590666,2,13058,1537
FHHA,0.11042249,0.0013011121,2,13058,1537
YAAG,0.10975239,0.08742281,2,13058,1537
WKFT,0.10960975,0.3299328,2,13058,1537
FRAF,0.10877065,0.0016756747,2,13058,1537
IMGA,0.10759275,0.09801676,2,13058,1537
WKFR,0.1075353,0.0005032743,2,13058,1537
WKFH,0.107353896,0.0014390761,2,13058,1537
YALA,0.10667187,0.23756984,2,13058,1537
WKFY,0.105214,0.00090651255,2,13058,1537
YCLA,0.10499266,0.20307979,2,13058,1537
WKFQ,0.1049494,0.0005700749,2,13058,1537
VIAR,0.104845,0.00041339206,2,13058,1537
CHLA,0.10440318,0.065759756,2,13058,1537
VVAS,0.10399899,0.21016896,2,13058,1537
VLAM,0.10310982,0.06987613,2,13058,1537
ISQA,0.102187425,0.0006991608,2,13058,1537
IKFG,0.10171878,0.17661685,2,13058,1537
FARA,0.0991824,0.0050783204,2,13058,1537
YNQA,0.09881726,0.00021600493,2,13058,1537
IFMA,0.098401114,0.015724989,2,13058,1537
FIEA,0.09739986,0.00053860975,2,13058,1537
IFAM,0.09620687,0.10504012,2,13058,1537
SICA,0.09561899,0.28645393,2,13058,1537
FPAC,0.09456679,0.0014976343,2,13058,1537
FKAR,0.09337059,0.00048677172,2,13058,1537
WNGA,0.092374966,0.09855191,2,13058,1537
IKSG,0.0913482,0.0111385435,2,13058,1537
IFVA,0.090602756,0.0014299591,2,13058,1537
LRWA,0.089998946,0.001992418,2,13058,1537
IMVA,0.08916406,0.00094469276,2,13058,1537
IFTA,0.08903839,0.0005760131,2,13058,1537
FAFA,0.08863334,0.19263557,2,13058,1537
MHRA,0.08863023,0.008043239,2,13058,1537
FSYA,0.08748272,0.015912363,2,13058,1537
EPAA,0.0862017,0.0045117014,2,13058,1537
MIGA,0.08517921,0.122914396,2,13058,1537
EGAA,0.085150704,0.003506987,2,13058,1537
IPAS,0.08500029,0.001545233,2,13058,1537
WKCS,0.084567875,0.059860304,2,13058,1537
VIAI,0.08408314,0.050391864,2,13058,1537
FWAT,0.08320689,0.08216706,2,13058,1537
VDAK,0.08221556,0.0005027024,2,13058,1537
FAEA,0.08204137,0.00056425773,2,13058,1537
MHAM,0.08190048,0.028344195,2,13058,1537
IKVG,0.07928762,0.023946082,2,13058,1537
VFAT,0.077069014,0.019986194,2,13058,1537
IKEG,0.076548636,0.00026332025,2,13058,1537
WSLA,0.07623632,0.45485482,2,13058,1537
YTEA,0.07139334,0.00039782203,2,13058,1537
CRAT,0.071333766,0.0076553593,2,13058,1537
HHAD,0.066903695,0.013882379,2,13058,1537
MHAF,0.06655887,0.00071814633,2,13058,1537
VDAI,0.063013434,0.015627488,2,13058,1537
CNMA,0.062302172,0.12688209,2,13058,1537
IHFC,0.059221745,0.06658576,2,13058,1537
EEAA,0.058477864,0.041427918,2,13058,1537
CVVA,0.055216104,0.0028863957,2,13058,1537
IRFC,0.0544872,0.015399238,2,13058,1537
WKIG,0.053370386,0.020219985,2,13058,1537
VHRD,0.053321853,0.005607835,2,13058,1537
CMAG,0.052468896,0.020670224,2,13058,1537
WWFQ,0.05236371,0.00071285607,2,13058,1537
CDAC,0.051486284,0.044694148,2,13058,1537
IVFC,0.050947413,0.014629828,2,13058,1537
IKFR,0.050535932,0.00015287557,2,13058,1537
LYFV,0.04971452,0.065552555,2,13058,1537
IYFD,0.04904238,0.008278063,2,13058,1537
IHEC,0.04799041,0.0032527803,2,13058,1537
WSAP,0.047758818,0.0004508258,2,13058,1537
LWCQ,0.047140792,0.0009824388,2,13058,1537
WMFG,0.045857325,0.24620052,2,13058,1537
VHEC,0.045115,0.0021827868,2,13058,1537
AVTA,0.045028977,0.0013824316,2,13058,1537
WKEG,0.044298753,0.00018905046,2,13058,1537
VHEM,0.043941267,0.0,2,13058,1537
FSGC,0.04367943,0.2069735,2,13058,1537
IICP,0.043375783,0.0020945934,2,13058,1537
LYGF,0.04302907,0.27941108,2,13058,1537
RKCP,0.04261271,0.001341165,2,13058,1537
LVFM,0.041185647,0.0029647064,2,13058,1537
VHPT,0.037836865,0.00063804537,2,13058,1537
MSCY,0.036664113,0.00093517435,2,13058,1537
IKMH,0.036264166,0.00029180612,2,13058,1537
WRQV,0.035770334,0.00024312423,2,13058,1537
YILV,0.03540449,0.19273387,2,13058,1537
VKMP,0.03324315,0.0011820047,2,13058,1537
FCCQ,0.032098457,0.0013824316,2,13058,1537
FHFI,0.031744927,0.0054213004,2,13058,1537
CKGD,0.03100799,0.0039530997,2,13058,1537
RSCS,0.030892923,0.003280506,2,13058,1537
YTLK,0.030307189,0.00019388943,2,13058,1537
VRRK,0.030002773,0.00037363017,2,13058,1537
IRVS,0.02953913,0.0005242118,2,13058,1537
YNEG,0.029470548,0.00015026427,2,13058,1537
QYCQ,0.029373802,0.00076801755,2,13058,1537
ISRM,0.029161707,0.00010164935,2,13058,1537
FNGP,0.028563917,0.016232848,2,13058,1537
IHTP,0.027602427,0.00019608955,2,13058,1537
LNFD,0.02712781,0.002482163,2,13058,1537
YHMI,0.02691055,0.02313457,2,13058,1537
AFCQ,0.026587188,0.0,2,13058,1537
LWMN,0.02638276,0.0017910046,2,13058,1537
IHEY,0.026111767,0.0,2,13058,1537
WQCN,0.025645077,0.002513512,2,13058,1537
WHKK,0.025460258,0.000900188,2,13058,1537
GPAA,0.02500324,0.00060655136,2,13058,1537
IGGP,0.024582788,0.00051922316,2,13058,1537
MKWC,0.02400878,0.00066224264,2,13058,1537
WYLQ,0.023787826,0.0005813965,2,13058,1537
NHAR,0.023344517,0.0001067515,2,13058,1537
PRCG,0.022708178,0.002513512,2,13058,1537
IHDV,0.022522882,0.0009628877,2,13058,1537
VCFN,0.02207724,0.0051467153,2,13058,1537
YHTL,0.021878943,0.00014759053,2,13058,1537
WYDG,0.021626577,0.00020181481,2,13058,1537
LYHR,0.021565616,0.00012454343,2,13058,1537
VKVK,0.021401376,0.0008332465,2,13058,1537
QRGD,0.0209992,0.0011059452,2,13058,1537
IIVL,0.020987958,0.00041219292,2,13058,1537
YGQT,0.020039126,0.00025135124,2,13058,1537
YQFK,0.019922487,0.00048791707,2,13058,1537
YSPC,0.01958789,0.00042818673,2,13058,1537
VVTT,0.019250885,0.0013873866,2,13058,1537
CYIT,0.018937029,0.0011649705,2,13058,1537
FNEC,0.018807322,0.0,2,13058,1537
FHHI,0.018661655,0.0,2,13058,1537
FDDD,0.018567443,0.0050100083,2,13058,1537
LHTW,0.018537357,0.00025365717,2,13058,1537
LCIY,0.018388212,0.00051748776,2,13058,1537
VWPD,0.018313304,0.0124521395,2,13058,1537
EYMG,0.018240944,0.029031064,2,13058,1537
YKKF,0.01801984,0.0,2,13058,1537
YKEN,0.018004708,0.00029729717,2,13058,1537
YKQK,0.017828338,0.0002032988,2,13058,1537
YVVS,0.017608963,0.000597704,2,13058,1537
IQDS,0.017524362,0.0,2,13058,1537
WRNT,0.017208196,0.0036140638,2,13058,1537
YVPW,0.01673773,0.00012153246,2,13058,1537
QFCN,0.016662754,0.0007029313,2,13058,1537
IIEV,0.016475186,0.0004937255,2,13058,1537
IVDR,0.016022362,0.0002462033,2,13058,1537
FEMD,0.01585874,0.0023580748,2,13058,1537
FTHM,0.01583583,0.00064299145,2,13058,1537
CYKT,0.015419714,0.0020866892,2,13058,1537
NKEC,0.015039131,0.0,2,13058,1537
FTRY,0.014888704,0.00033513492,2,13058,1537
LRHR,0.014833927,0.00021702227,2,13058,1537
YSWS,0.014513366,0.00093240396,2,13058,1537
FDMY,0.014417537,0.0,2,13058,1537
WEQA,0.014391348,0.00049257826,2,13058,1537
VCYR,0.014360391,0.0015067375,2,13058,1537
VCVN,0.0143057555,0.002192091,2,13058,1537
ARCF,0.014266007,0.0055297264,2,13058,1537
YIVN,0.014241084,0.00030575105,2,13058,1537
LDPD,0.01421617,0.0062662675,2,13058,1537
ILIM,0.014189325,0.0002888663,2,13058,1537
YARQ,0.013901278,0.00023072568,2,13058,1537
TLCK,0.01384303,0.0013421666,2,13058,1537
VFDS,0.0137973875,0.00028853703,2,13058,1537
HTCI,0.013629682,0.0025870064,2,13058,1537
LPLC,0.013604544,0.0020155078,2,13058,1537
ISWL,0.013593778,0.00057368114,2,13058,1537
MMCP,0.013260476,0.0008595429,2,13058,1537
KLCP,0.012923405,0.00089957274,2,13058,1537
YFWR,0.012828685,0.0,2,13058,1537
FRNE,0.012639806,0.0008507271,2,13058,1537
CYWT,0.012312062,0.00035446967,2,13058,1537
WHHQ,0.012295954,0.00028069678,2,13058,1537
LFPH,0.012137547,0.0001377267,2,13058,1537
YAPR,0.0118679255,0.00024200117,2,13058,1537
MHYE,0.011864707,0.0,2,13058,1537
FANY,0.011781298,0.00061441405,2,13058,1537
LQVN,0.011759713,0.0005936823,2,13058,1537
HYMC,0.011675775,0.002389388,2,13058,1537
YANL,0.011672497,0.0003233758,2,13058,1537
WFYN,0.011585772,0.000322433,2,13058,1537
MYPN,0.011575773,0.0,2,13058,1537
IDIH,0.011414722,0.00033311607,2,13058,1537
RHCT,0.011358835,0.0042843954,2,13058,1537
KYFN,0.011273041,0.0011285156,2,13058,1537
VMND,0.011198178,0.006270913,2,13058,1537
FMSI,0.010887466,0.00046468293,2,13058,1537
FTDN,0.010744281,0.0003894174,2,13058,1537
YDVI,0.010641903,0.0006010572,2,13058,1537
LQIP,0.010467298,0.00033311607,2,13058,1537
RNCW,0.010452613,0.0010996616,2,13058,1537
FWSV,0.0101314485,0.0013824316,2,13058,1537
ESLD,0.010100424,0.004783498,2,13058,1537
QYQC,0.010069117,0.0006583008,2,13058,1537
FMIE,0.010034487,0.00058826874,2,13058,1537
QRCL,0.009434618,0.0024057021,2,13058,1537
WVKY,0.009409353,0.0004993574,2,13058,1537
VFER,0.009357825,0.0002557427,2,13058,1537
VMYQ,0.009324357,0.00013586553,2,13058,1537
VRNF,0.009237282,0.0,2,13058,1537
RRGN,0.00922405,0.0028113897,2,13058,1537
CIEG,0.008995011,0.000963367,2,13058,1537
FLYT,0.008987211,0.0020710586,2,13058,1537
FREW,0.008936681,0.00056425773,2,13058,1537
MQSN,0.008781202,0.000942567,2,13058,1537
TSNM,0.00860735,0.00037363017,2,13058,1537
LWVE,0.008542009,0.00039756208,2,13058,1537
ANKT,0.0083164275,0.0018432421,2,13058,1537
IQQY,0.008120738,0.0,2,13058,1537
RMCS,0.008090481,0.0021427046,2,13058,1537
CITM,0.008014694,0.00086401973,2,13058,1537
AKDC,0.007880785,0.0021612537,2,13058,1537
YWDI,0.007869214,0.0,2,13058,1537
FSHI,0.007680759,0.0013824316,2,13058,1537
WMKM,0.0076360703,0.00010512788,2,13058,1537
DYYF,0.0075269565,0.0,2,13058,1537
KLLT,0.007336527,0.005433344,2,13058,1537
PNGS,0.00724113,0.00048958434,2,13058,1537
EYIY,0.0071785524,0.0039498047,2,13058,1537
LPNE,0.0066948533,0.0,2,13058,1537
NQCL,0.006657779,0.00036379782,2,13058,1537
WVHR,0.0064205304,0.00029122984,2,13058,1537
PDID,0.0060095564,0.017694816,2,13058,1537
FPVN,0.005930491,6.536318e-05,2,13058,1537
LWYC,0.0058941394,0.016487716,2,13058,1537
TWGV,0.005866669,0.32856864,2,13058,1537
WQIS,0.0055738315,0.0002764863,2,13058,1537
FQTR,0.0055371076,0.0,2,13058,1537
LQPQ,0.005408928,0.00024467814,2,13058,1537
AMAS,0.0052565634,0.0008053,2,13058,1537
IEIQ,0.0050171018,0.0,2,13058,1537
CQFY,0.0049778894,0.000829459,2,13058,1537
FPDL,0.0048070624,0.0002393821,2,13058,1537
VPPR,0.004577905,0.0,2,13058,1537
RKPV,0.0043832064,0.00019150571,2,13058,1537
EYIL,0.004233502,0.0,2,13058,1537
LVPH,0.0042202994,0.00011115032,2,13058,1537
HVTG,0.0040395334,0.0003399422,2,13058,1537
KTYG,0.003718458,0.036493722,2,13058,1537
WDVY,0.0036384016,0.000110373774,2,13058,1537
EAAV,0.0036360025,0.000567416,2,13058,1537
PACF,0.0033547282,0.0009534011,2,13058,1537
AMQA,0.0033122152,0.0011014272,2,13058,1537
FLWI,0.0032998845,0.0008253323,2,13058,1537
NVGD,0.0030310676,0.0018432421,2,13058,1537
HTFD,0.0029142052,0.0018154775,2,13058,1537
WAVR,0.002710998,0.00028052306,2,13058,1537
CPFS,0.0025981218,0.0011408416,2,13058,1537
RYEV,0.0024833158,8.640193e-05,2,13058,1537
AKTD,0.0022988617,0.0015588283,2,13058,1537
VNNI,0.0022003949,0.00061992445,2,13058,1537
FLWP,0.0020914376,0.00022992623,2,13058,1537
AYSF,0.0020199418,0.0007828136,2,13058,1537
SSAW,0.0019873232,0.00011969105,2,13058,1537
MQDQ,0.0018633083,0.0,2,13058,1537
EPFC,0.0016287267,0.0,2,13058,1537
EKEV,0.0014344305,0.00024467814,2,13058,1537
RAGY,0.0014121309,0.00084625784,2,13058,1537
LTEH,0.0013158917,0.00023835024,2,13058,1537
MSTS,0.0010283962,0.00072058756,2,13058,1537
MNTS,0.0009145066,0.0009198175,2,13058,1537
EGLD,0.0004956275,0.002012756,2,13058,1537
STFM,0.00040306896,0.0001105945,2,13058,1537
NRGI,0.00032942742,0.0057631712,2,13058,1537
ESSW,-1.3843179e-05,0.0004007048,2,13058,1537
EHPW,-0.00010356307,0.0,2,13058,1537
CDFL,-0.00011345744,0.00096636,2,13058,1537
QISW,-0.00012296438,0.00042913618,2,13058,1537
DESG,-0.00048234314,0.0,2,13058,1537
GKMS,-0.0004925579,0.00016424932,2,13058,1537
KKSN,-0.0005367547,0.00037800864,2,13058,1537
TLAM,-0.00058835,0.002513512,2,13058,1537
LLIF,-0.00070724636,0.00019608955,2,13058,1537
PYKY,-0.00077690184,0.0,2,13058,1537
CAHP,-0.0009091869,0.0010548675,2,13058,1537
CNPE,-0.0009624213,0.00028503741,2,13058,1537
MRYR,-0.0009936914,0.0002949902,2,13058,1537
EPRD,-0.001028426,0.004421686,2,13058,1537
SWLM,-0.0011292398,0.00039273623,2,13058,1537
PDGR,-0.0011770427,0.00016655798,2,13058,1537
DIRA,-0.0011929274,0.0005760131,2,13058,1537
MTNT,-0.001211442,0.00089189137,2,13058,1537
RKMK,-0.0017481297,0.00017837832,2,13058,1537
WQVI,-0.0017557666,0.0010011446,2,13058,1537
WELH,-0.002034396,0.0005454575,2,13058,1537
LNTH,-0.0022031367,4.7181966e-05,2,13058,1537
CMYD,-0.0023349673,0.0017419585,2,13058,1537
SVND,-0.0024071038,0.0,2,13058,1537
KAVG,-0.002798684,0.00218885,2,13058,1537
KHPL,-0.0029051304,0.00043541152,2,13058,1537
MSEL,-0.003073126,0.00018286127,2,13058,1537
PCMM,-0.003245972,0.00086401973,2,13058,1537
HSKV,-0.0033969283,0.0005571513,2,13058,1537
TSVP,-0.0034558326,0.0002667071,2,13058,1537
MWEV,-0.0036675334,0.00011331403,2,13058,1537
GWIG,-0.003703542,0.0002684333,2,13058,1537
EPHG,-0.0037575886,0.0013166015,2,13058,1537
AQFN,-0.0037810951,0.0014681637,2,13058,1537
PYST,-0.0037926137,0.00020749446,2,13058,1537
MIVK,-0.0040148348,0.00028386683,2,13058,1537
HTLP,-0.004035689,0.00025005225,2,13058,1537
SAGL,-0.0040423274,0.05394971,2,13058,1537
WLHT,-0.0040546954,0.0004472338,2,13058,1537
CGPG,-0.0041312203,0.0006497068,2,13058,1537
MFTL,-0.004245229,0.00017105456,2,13058,1537
MLYT,-0.0046429187,0.0061406945,2,13058,1537
HSQC,-0.0046577454,0.0,2,13058,1537
AVMW,-0.004734516,0.0005777612,2,13058,1537
CVPP,-0.004870549,0.00086496817,2,13058,1537
THNV,-0.005052142,0.0,2,13058,1537
ARIV,-0.00508897,0.0,2,13058,1537
ATDC,-0.005092427,0.0,2,13058,1537
KQMM,-0.00519605,0.0,2,13058,1537
DTLV,-0.0052807704,0.00037363017,2,13058,1537
QDLP,-0.00533396,0.001186342,2,13058,1537
ATHC,-0.0053418204,0.0018552293,2,13058,1537
RIYD,-0.005447902,0.0013518599,2,13058,1537
CQVF,-0.0056769103,0.0008831259,2,13058,1537
GHML,-0.00579378,0.00031780035,2,13058,1537
SVYM,-0.0058599412,0.00020633308,2,13058,1537
RCSD,-0.00604669,0.0021268178,2,13058,1537
DADG,-0.006112188,0.002513512,2,13058,1537
HCLK,-0.006140128,0.0012021145,2,13058,1537
NCLC,-0.006257355,0.0011849414,2,13058,1537
RSMF,-0.0063098,0.00014513721,2,13058,1537
CSPL,-0.0063326806,0.000667676,2,13058,1537
RWSN,-0.0064124614,0.00020985681,2,13058,1537
QNKQ,-0.0065010786,0.00043541152,2,13058,1537
KCKE,-0.0065992773,0.0021268178,2,13058,1537
KTSI,-0.0066360086,0.00019749023,2,13058,1537
PWRY,-0.0066614524,0.0,2,13058,1537
AAMG,-0.006677784,0.14100802,2,13058,1537
ETLK,-0.0067747235,0.00028212892,2,13058,1537
KQSY,-0.0069425404,0.000121000536,2,13058,1537
QRIL,-0.0070968047,0.00026662135,2,13058,1537
RKVP,-0.0074443147,0.0002714825,2,13058,1537
MCQP,-0.0074455068,0.00074726035,2,13058,1537
NQKC,-0.007455066,0.0014550772,2,13058,1537
MLWR,-0.0074811056,0.00035675653,2,13058,1537
HMHC,-0.007534452,0.0018681508,2,13058,1537
KSNE,-0.007536635,0.0006855033,2,13058,1537
ESQT,-0.007570535,0.00015890023,2,13058,1537
CPSQ,-0.007631719,0.0008315378,2,13058,1537
QMDG,-0.007668689,0.00032527806,2,13058,1537
QCYQ,-0.0077234134,0.0017014543,2,13058,1537
MWTK,-0.007936604,0.0005042303,2,13058,1537
TRYM,-0.008085422,0.0,2,13058,1537
EFHR,-0.00822901,0.0,2,13058,1537
GRSG,-0.0082495585,0.00011866362,2,13058,1537
MDHY,-0.0082987845,0.0,2,13058,1537
SCWD,-0.008309051,0.0019469402,2,13058,1537
TYDD,-0.008589406,0.013918621,2,13058,1537
TNIL,-0.008608293,0.0004365574,2,13058,1537
SEFM,-0.008630309,0.0004746546,2,13058,1537
WLWY,-0.008696537,0.01009456,2,13058,1537
RMFH,-0.008751512,0.00020067561,2,13058,1537
EWTW,-0.008813519,0.0,2,13058,1537
NATD,-0.008958176,0.0014455037,2,13058,1537
MRQY,-0.008976102,0.0,2,13058,1537
TVYD,-0.009121984,0.0011604204,2,13058,1537
RQFP,-0.009302024,0.00033112132,2,13058,1537
PPGP,-0.009344563,0.00016838385,2,13058,1537
NPKM,-0.009362675,0.0,2,13058,1537
DNPC,-0.009415895,0.0011520264,2,13058,1537
DDYS,-0.009463668,0.0,2,13058,1537
ETIE,-0.009498276,0.0002211891,2,13058,1537
RGAH,-0.009503953,0.00023616535,2,13058,1537
KSHF,-0.009528775,0.0001291992,2,13058,1537
TYSP,-0.009622283,0.0004739765,2,13058,1537
QRDE,-0.0096293725,0.00028552808,2,13058,1537
RTEV,-0.009693883,0.00015403141,2,13058,1537
PRSW,-0.009696282,0.0004135479,2,13058,1537
CTQK,-0.009777285,0.00087773433,2,13058,1537
EQNR,-0.009857062,0.0,2,13058,1537
ERMS,-0.009954799,0.0051636924,2,13058,1537
QCQH,-0.009988032,0.0006912158,2,13058,1537
MTWH,-0.0100747645,0.0,2,13058,1537
AQIR,-0.010092776,0.00038635297,2,13058,1537
DENV,-0.010105953,0.0,2,13058,1537
NVLW,-0.010241933,8.494205e-05,2,13058,1537
SMAS,-0.010255925,0.0006719585,2,13058,1537
QTVE,-0.010270618,0.0003758523,2,13058,1537
AARI,-0.010306127,0.0017280395,2,13058,1537
ACMQ,-0.01033321,0.0045383153,2,13058,1537
TQYF,-0.010381211,0.0,2,13058,1537
SPFS,-0.010508772,0.00026875953,2,13058,1537
QDHT,-0.010520611,0.00040960938,2,13058,1537
ALKC,-0.0106610395,0.0,2,13058,1537
AQMQ,-0.010668613,0.0020060686,2,13058,1537
AMIR,-0.010797389,0.00022662817,2,13058,1537
RKDP,-0.010803442,0.0002590903,2,13058,1537
EATS,-0.010807961,0.00026930487,2,13058,1537
KFMF,-0.010822356,0.0,2,13058,1537
TEWP,-0.010828048,0.0019068022,2,13058,1537
KFWY,-0.010900535,0.0,2,13058,1537
TVKC,-0.0109193735,0.0,2,13058,1537
QWTP,-0.0111403465,8.1319464e-05,2,13058,1537
KGVT,-0.011261664,0.00026659644,2,13058,1537
GFRS,-0.011320002,7.107614e-05,2,13058,1537
PSER,-0.0113328695,0.00010906762,2,13058,1537
SDLW,-0.011414446,0.00024253188,2,13058,1537
DLSA,-0.011478681,0.00022013241,2,13058,1537
QLMW,-0.011500239,8.429462e-05,2,13058,1537
HKDS,-0.011505447,0.00017761438,2,13058,1537
HMME,-0.0115321055,0.00017067052,2,13058,1537
PFYW,-0.011566561,0.00081319513,2,13058,1537
KRYW,-0.01168007,0.000100540514,2,13058,1537
TTFR,-0.011712141,0.00019608955,2,13058,1537
MPTL,-0.012076799,0.0001092831,2,13058,1537
TNTN,-0.012086444,0.00041266615,2,13058,1537
CDDF,-0.012144133,0.00064299145,2,13058,1537
GMTG,-0.012175083,8.777346e-05,2,13058,1537
ADVG,-0.012225494,0.011384731,2,13058,1537
SDAL,-0.012282308,0.00087107706,2,13058,1537
KQNY,-0.012541711,0.0,2,13058,1537
AGWV,-0.0125478655,0.0029103823,2,13058,1537
NNQW,-0.012646526,0.0,2,13058,1537
RFNY,-0.012652423,0.00025044053,2,13058,1537
CPWW,-0.01277107,0.00065311725,2,13058,1537
QNEH,-0.012796927,9.566998e-05,2,13058,1537
ALDC,-0.012852341,0.0,2,13058,1537
CGHP,-0.012902796,0.0009874512,2,13058,1537
PFNT,-0.012918573,0.00053427304,2,13058,1537
RIDH,-0.013070263,0.00025021384,2,13058,1537
PQFF,-0.0130892135,0.0,2,13058,1537
RANY,-0.013353914,0.00027154907,2,13058,1537
RQMR,-0.013616748,0.0003367222,2,13058,1537
QGYF,-0.013672054,0.00021186686,2,13058,1537
PADW,-0.013689011,0.0,2,13058,1537
RQEI,-0.0137125105,0.00033178358,2,13058,1537
RMKN,-0.013721213,0.00024759973,2,13058,1537
AMPC,-0.013761602,0.0,2,13058,1537
DTPE,-0.014080886,0.0,2,13058,1537
DNNQ,-0.014177807,0.0014945206,2,13058,1537
KATI,-0.014255542,0.00039310846,2,13058,1537
QERL,-0.01465347,0.00023901492,2,13058,1537
PCHP,-0.014712766,0.0023040527,2,13058,1537
KPEM,-0.014729593,0.0,2,13058,1537
ALIY,-0.014845487,0.0005760131,2,13058,1537
QIEI,-0.0148489475,0.00045889846,2,13058,1537
QDEW,-0.0148896575,0.0,2,13058,1537
ALIG,-0.014972586,0.0018744835,2,13058,1537
EWTH,-0.0150162615,0.0011059452,2,13058,1537
DMLH,-0.015263375,0.00043541152,2,13058,1537
RLII,-0.015355758,0.0004757356,2,13058,1537
NPYW,-0.015359964,0.0,2,13058,1537
NPDQ,-0.0154769495,0.0,2,13058,1537
HAQR,-0.015505746,0.0,2,13058,1537
NGDK,-0.015847791,0.0,2,13058,1537
SSQV,-0.015945438,0.00012510692,2,13058,1537
EEWY,-0.015978985,0.00025600588,2,13058,1537
DTPR,-0.01623492,0.00029103828,2,13058,1537
GPYF,-0.016423982,0.0,2,13058,1537
GQLP,-0.01661602,7.2189614e-05,2,13058,1537
ANDL,-0.016632881,0.00086401973,2,13058,1537
ADPE,-0.01664567,0.0027272168,2,13058,1537
AGNS,-0.016906768,0.0,2,13058,1537
NDIL,-0.016913928,0.00028212892,2,13058,1537
GVKF,-0.017045569,0.0002003524,2,13058,1537
QGQK,-0.01715431,0.00029413437,2,13058,1537
GMPE,-0.01732248,0.00013620013,2,13058,1537
SELI,-0.017355122,0.00028800662,2,13058,1537
PQIF,-0.017358102,0.0,2,13058,1537
EEKF,-0.017443553,0.0006912158,2,13058,1537
PCHI,-0.017450564,0.0023040527,2,13058,1537
KLKI,-0.017452303,0.00017389082,2,13058,1537
RGKR,-0.017463192,0.0002737488,2,13058,1537
ELWK,-0.017521031,0.0,2,13058,1537
DNER,-0.017639808,0.0,2,13058,1537
DMWA,-0.01770863,0.0012960297,2,13058,1537
ANQF,-0.017722882,0.0055236234,2,13058,1537
SESR,-0.017744217,7.308005e-05,2,13058,1537
GKKF,-0.01778081,0.0005027024,2,13058,1537
GIFL,-0.017881297,0.0005653066,2,13058,1537
NEIH,-0.017989568,0.0,2,13058,1537
TYMR,-0.018066682,0.0,2,13058,1537
DEET,-0.018370062,0.0,2,13058,1537
AQPH,-0.018462598,0.0013040423,2,13058,1537
NPLY,-0.018520266,0.0002575959,2,13058,1537
SMKF,-0.01857379,0.0,2,13058,1537
RLEI,-0.018868513,0.0003511951,2,13058,1537
NRWL,-0.018988486,0.00020945935,2,13058,1537
DQPK,-0.019010194,0.0019749023,2,13058,1537
KGMI,-0.019211218,8.378378e-05,2,13058,1537
DRIY,-0.019458942,0.0,2,13058,1537
TIIK,-0.019588202,0.0004937255,2,13058,1537
NRVN,-0.01973077,0.00046221114,2,13058,1537
AWQS,-0.020622894,0.0032532061,2,13058,1537
GWFH,-0.020624425,0.00054213003,2,13058,1537
APES,-0.020888552,0.0013166015,2,13058,1537
GQKI,-0.021310888,0.0,2,13058,1537
KEML,-0.02143497,0.00019855387,2,13058,1537
AAQQ,-0.021757726,0.0033612372,2,13058,1537
NEAN,-0.021954268,0.00044835624,2,13058,1537
AMQW,-0.021996807,0.0007373331,2,13058,1537
SIWP,-0.02211231,0.00036686962,2,13058,1537
DQEP,-0.022666257,0.0,2,13058,1537
KGQW,-0.02283962,6.6145076e-05,2,13058,1537
DLQW,-0.023768857,0.0,2,13058,1537
GEML,-0.023872025,8.253321e-05,2,13058,1537
GAQR,-0.024629444,0.0,2,13058,1537
TRPQ,-0.02626931,0.0,2,13058,1537
PKAQ,-0.02773165,0.00023431043,2,13058,1537
GGWI,-0.027764108,0.0,2,13058,1537
DRKE,-0.02848759,0.0,2,13058,1537
GLQW,-0.03052745,0.0,2,13058,1537
NIQF,-0.03125991,0.00062837807,2,13058,1537
GRKI,-0.03201611,0.0,2,13058,1537
