{"run_id": "21:53:46-05/18/2022", "exp_name": "BO_EVO_proposal-function=UCB", "encoder_name": "TAPE_unirep", "model_name": "GPyTorch", "landscape_name": "GB1_combo", "rounds": 5, "expmt_queries_per_round": 384, "model_queries_per_round": 3072}
sequence,model_score,true_score,round
KDTF,0.5409369,0.0004041476694872,1
QYYI,0.5409369,0.0026812313494874,1
WTNY,0.5409369,0.0002963021200867,1
LSKC,0.5409369,0.0002712228161237,1
DDIA,0.5409369,0.0,1
PPYT,0.5409369,0.0,1
TSST,0.5409369,5.946964647632261e-05,1
ILEK,0.5409369,0.0004703914808405,1
VKAP,0.5409369,0.0014576436956533,1
FQDE,0.5409369,0.0,1
WFML,0.5409369,0.0080122449409427,1
SFPN,0.5409369,0.0004837273012018,1
RDAL,0.5409369,0.0002680465881981,1
MTSV,0.5409369,0.0008434510348644,1
EVYE,0.5409369,0.0,1
AWWP,0.5409369,0.0,1
ENCP,0.5409369,0.0014587009926531,1
RPFN,0.5409369,0.0005812354441851,1
YRNI,0.5409369,0.000807997118221,1
AFIT,0.5409369,0.0002792949774145,1
GNST,0.5409369,0.0001193933006669,1
TAGY,0.5409369,0.000695134087387,1
VVVV,0.5409369,0.0015058703170064,1
SVFE,0.5409369,0.0003885842667813,1
SKFM,0.5409369,0.000327550131178,1
HCLP,0.5409369,0.0015477594334912,1
QYFQ,0.5409369,0.0,1
HAFK,0.5409369,0.0001818664969211,1
AHVC,0.5409369,0.0,1
RWFC,0.5409369,0.0026298213100414,1
MRLS,0.5409369,0.0361059399706005,1
VCPL,0.5409369,0.0013884531710837,1
FDWS,0.5409369,0.0011878873312945,1
MVPC,0.5409369,0.0018521664700759,1
LWFR,0.5409369,0.0006960439288898,1
GGEA,0.5409369,5.507223138561e-05,1
ERKH,0.5409369,0.0007109325971546,1
RTNV,0.5409369,0.0001537151653953,1
NSIF,0.5409369,0.0001861965755233,1
WCNC,0.5409369,0.0013367962692229,1
MFTG,0.5409369,0.0007356480558202,1
EMHM,0.5409369,0.0,1
MYYY,0.5409369,0.0001308829599457,1
EHNR,0.5409369,0.0,1
CHAN,0.5409369,0.0014290827528438,1
YLSN,0.5409369,0.0005455993766337,1
DPFT,0.5409369,0.0008689175807013,1
FTYR,0.5409369,0.0001587869725382,1
PTMA,0.5409369,0.0004327415957632,1
CPLV,0.5409369,0.0013123035916177,1
TGCK,0.5409369,0.0,1
YEHK,0.5409369,0.0,1
TIVK,0.5409369,0.0002696640334788,1
WFNA,0.5409369,0.0005327669821215,1
CEGQ,0.5409369,0.0019806767889024,1
VKER,0.5409369,0.000403106122378,1
QHHQ,0.5409369,0.0,1
FDKP,0.5409369,0.0,1
NECT,0.5409369,0.0011906275839892,1
MFIM,0.5409369,0.0001466298831153,1
QEEK,0.5409369,0.0003495087883508,1
RLCV,0.5409369,0.0017685390023628,1
IVHY,0.5409369,0.0004715734074089,1
NEWN,0.5409369,0.0,1
YMTG,0.5409369,0.0003554662415125,1
QKPT,0.5409369,0.0001637750085241,1
RRDE,0.5409369,0.0002342351112269,1
ICRW,0.5409369,0.0012108786334644,1
MDLI,0.5409369,0.0009826502794043,1
SYHS,0.5409369,0.0003658600279727,1
KESI,0.5409369,0.0003147776547276,1
DRYE,0.5409369,0.0,1
RKFC,0.5409369,0.0015178559837075,1
FMIP,0.5409369,0.000203123599187,1
MPAQ,0.5409369,0.0002218512462062,1
CRGH,0.5409369,0.0058835797838009,1
SMME,0.5409369,0.0005930054058636,1
YQQY,0.5409369,0.0,1
EWLF,0.5409369,0.0021573126102196,1
VQDR,0.5409369,0.0,1
LGYV,0.5409369,0.0009616230342366,1
GQWK,0.5409369,0.0,1
WTYI,0.5409369,0.0008032893846348,1
DKMG,0.5409369,0.0005393281810873,1
KCFM,0.5409369,0.0011444280192006,1
FDVT,0.5409369,0.0005969662750752,1
TIAV,0.5409369,0.001084891264495,1
YHGN,0.5409369,0.0920453378458209,1
KHYE,0.5409369,0.0007274658735548,1
GPPC,0.5409369,0.0009479101295395,1
IEWR,0.5409369,0.0,1
SDCG,0.5409369,0.0658276678595554,1
TPHF,0.5409369,0.0,1
PSVS,0.5409369,0.0003006534268022,1
GKLC,0.5409369,0.0005774959864782,1
MLPA,0.5409369,0.0007878617962024,1
PMEA,0.5409369,0.0002776422660746,1
VYVR,0.5409369,0.0002086666476201,1
QVDW,0.5409369,4.593398511262095e-05,1
KFKV,0.5409369,0.0,1
FFVS,0.5409369,0.0007689535960901,1
APFW,0.5409369,0.0,1
AYIK,0.5409369,0.0,1
VERQ,0.5409369,0.0009575826166648,1
RMPG,0.5409369,0.0003122898568001,1
ECGC,0.5409369,0.1190417079854393,1
ASYY,0.5409369,0.0,1
TTPN,0.5409369,0.0008020777843596,1
HHMA,0.5409369,0.0836022839804657,1
SSAT,0.5409369,0.0007237766328902,1
RQFP,0.5409369,0.0003746231301137,1
QHGT,0.5409369,0.0361212254676292,1
YMWA,0.5409369,0.0009214568188213,1
QCIL,0.5409369,0.0007894267418479,1
WVRK,0.5409369,0.0004455788978499,1
KIAP,0.5409369,0.0003434959823129,1
LCPA,0.5409369,0.0058164278428895,1
QDRP,0.5409369,0.0002646449542303,1
RAYG,0.5409369,0.065172634933688,1
NVVL,0.5409369,0.0002454934297222,1
YITK,0.5409369,0.0,1
EEVQ,0.5409369,0.0004698867995654,1
GDKI,0.5409369,0.0003036993186771,1
PLDH,0.5409369,0.0001368972496689,1
SVTC,0.5409369,0.0004468718725596,1
FGGG,0.5409369,0.0240017987123687,1
LCTM,0.5409369,0.0007473284257301,1
YDVL,0.5409369,0.0004153316895858,1
EHDR,0.5409369,0.0,1
PGMC,0.5409369,0.0004344587903506,1
CECK,0.5409369,0.0004500867904337,1
DFQV,0.5409369,0.0,1
EVFQ,0.5409369,0.0002958017757379,1
PMFS,0.5409369,0.0003518316689462,1
CLEP,0.5409369,0.0010075538237193,1
MDLT,0.5409369,0.1222634401980815,1
MWSH,0.5409369,0.0005052118638434,1
NVRA,0.5409369,0.0003935899928617,1
NNQP,0.5409369,0.0003959624057216,1
SIER,0.5409369,0.0001761319389494,1
ENRQ,0.5409369,8.363910893649365e-05,1
PPST,0.5409369,0.000385128991882,1
HVHW,0.5409369,0.0,1
HLRD,0.5409369,0.0131709611211468,1
GGYS,0.5409369,0.0002187485177698,1
NTHT,0.5409369,0.0002639750132341,1
RPMN,0.5409369,0.0002434321342653,1
TRVF,0.5409369,0.0,1
GRNY,0.5409369,0.0,1
VINI,0.5409369,0.0002085401919772,1
WWWK,0.5409369,0.0009001735808675,1
AIAI,0.5409369,0.001303376371052,1
TSKN,0.5409369,0.0,1
PTDA,0.5409369,8.477241627754676e-05,1
SWWI,0.5409369,0.0,1
SQIH,0.5409369,0.0,1
GEPF,0.5409369,0.0,1
HCLV,0.5409369,0.0053045142864915,1
IGRP,0.5409369,0.0002656563711141,1
YYVW,0.5409369,0.0001468592836949,1
ENFA,0.5409369,0.0045646142167439,1
NGDQ,0.5409369,0.0,1
MKLI,0.5409369,0.0017664583048669,1
MFKG,0.5409369,9.566061234513472e-05,1
WFKL,0.5409369,0.0014279027664794,1
YHWF,0.5409369,0.0002334405406621,1
RKDW,0.5409369,7.141787865505873e-05,1
TIAP,0.5409369,0.0006433116975458,1
FIYV,0.5409369,0.0248180095126362,1
QPQV,0.5409369,9.993944673822858e-05,1
LRRV,0.5409369,0.0007741793641196,1
REDA,0.5409369,0.0003473832379057,1
IGPW,0.5409369,0.0002673592994964,1
ASLT,0.5409369,0.1932887696084802,1
KFQA,0.5409369,0.0004812466934417,1
PLSP,0.5409369,0.0003167699017513,1
KVMV,0.5409369,0.0005161277934139,1
GDQY,0.5409369,0.0,1
VTKH,0.5409369,0.0,1
ANDY,0.5409369,0.0,1
HNRK,0.5409369,0.0002731968024048,1
FVTG,0.5409369,0.0007232608810399,1
ELKW,0.5409369,0.0,1
DHER,0.5409369,0.0007447865303524,1
YMCG,0.5409369,0.1474210552418079,1
DQNS,0.5409369,0.0,1
IKFK,0.5409369,0.0006405672220544,1
FEKS,0.5409369,0.0,1
HSDP,0.5409369,0.0003402423744903,1
MRNN,0.5409369,0.0003861856041039,1
QQAC,0.5409369,0.0017921424959303,1
DGVN,0.5409369,0.0,1
WHEF,0.5409369,0.0005128037676024,1
CAGF,0.5409369,0.1292993536472268,1
YWTF,0.5409369,0.0003554662415125,1
YTLE,0.5409369,0.000450627080157,1
RHAY,0.5409369,0.0003410704991697,1
QPEG,0.5409369,0.0002760090709033,1
TCIQ,0.5409369,0.0034001122772718,1
QQMH,0.5409369,0.0,1
VRIM,0.5409369,0.0001757361373524,1
SSVS,0.5409369,0.0003005164712323,1
KVWI,0.5409369,0.000536892198017,1
ETGR,0.5409369,0.000380761592887,1
HRRE,0.5409369,0.0005262230167317,1
WWWF,0.5409369,0.0071685699837214,1
QCCY,0.5409369,0.0018400607389917,1
TNAN,0.5409369,0.0007191041653633,1
REGA,0.5409369,0.0027398614583202,1
EARG,0.5409369,0.0004398895352164,1
WSEH,0.5409369,0.0002355753356082,1
WREC,0.5409369,0.0008020777843596,1
GMRA,0.5409369,0.0002716714597448,1
MWLH,0.5409369,0.0029049680173729,1
KSTP,0.5409369,0.0004020052278552,1
IFFC,0.5409369,0.006175998756962,1
KTWV,0.5409369,0.0013722837399809,1
FVHP,0.5409369,0.0002731968024048,1
WVMV,0.5409369,0.1621181931964423,1
AAHL,0.5409369,0.0029791460072803,1
YRQA,0.5409369,0.0005783858552937,1
TPHL,0.5409369,0.0,1
NCCH,0.5409369,0.0006800224098025,1
MENR,0.5409369,0.0005224389343349,1
QEAW,0.5409369,7.483503425409912e-05,1
PYYS,0.5409369,0.0,1
WLDK,0.5409369,0.000498189124607,1
EMEK,0.5409369,0.0,1
NQYY,0.5409369,0.0,1
YQKP,0.5409369,0.0004739550647697,1
MVWG,0.5409369,0.005614544376388,1
DIKF,0.5409369,0.0,1
WFWP,0.5409369,0.0005990539344793,1
FLKS,0.5409369,0.0002708314655827,1
YALH,0.5409369,0.000695134087387,1
APLF,0.5409369,0.0028437302744889,1
KYMY,0.5409369,0.0,1
QKLK,0.5409369,0.000516432177168,1
GRVY,0.5409369,0.0001644206399066,1
MQKY,0.5409369,0.0,1
HWLG,0.5409369,0.5387570978171385,1
AVPP,0.5409369,0.0,1
GGTY,0.5409369,0.0,1
QQCF,0.5409369,0.0005939436656472,1
IKLN,0.5409369,0.0009501248152347,1
VKFP,0.5409369,0.0075664068546766,1
LMFD,0.5409369,0.0024062332389493,1
IRDM,0.5409369,0.0005977267208772,1
YGHF,0.5409369,0.0,1
TDAY,0.5409369,0.0007820257769793,1
VNVD,0.5409369,0.0,1
IRNT,0.5409369,0.0006815821054845,1
GCSM,0.5409369,0.0015447423022859,1
YLAT,0.5409369,0.0519515391718399,1
QRYM,0.5409369,0.0005529474994783,1
ISDL,0.5409369,0.0004466660968158,1
QQNH,0.5409369,0.0,1
RKFQ,0.5409369,0.0004827319765974,1
TSEN,0.5409369,0.0,1
KATM,0.5409369,5.310874503158405e-05,1
NFLL,0.5409369,0.0002402537378765,1
GNVN,0.5409369,0.0002463072881964,1
HTDE,0.5409369,0.000178748703372,1
LPDS,0.5409369,0.000191908193437,1
MFTQ,0.5409369,5.292899084606958e-05,1
LTGC,0.5409369,0.1147470699467439,1
YWCA,0.5409369,0.6818925132294539,1
QNDT,0.5409369,0.000295661966927,1
KGLQ,0.5409369,0.0002685616552706,1
KRSQ,0.5409369,0.0001992422783356,1
FEGM,0.5409369,0.0472543260559888,1
WTKK,0.5409369,0.0004455987564076,1
YLCY,0.5409369,0.0009213853736657,1
EEHN,0.5409369,0.0004533482732016,1
IYEH,0.5409369,0.000296502645867,1
EAAE,0.5409369,0.0002226407950668,1
FIGQ,0.5409369,0.0080679586950437,1
FYFC,0.5409369,0.0166388472317472,1
RYAH,0.5409369,0.0003200106129245,1
SENW,0.5409369,0.0,1
NHLY,0.5409369,0.0001797760984056,1
PDVT,0.5409369,0.0,1
PEKM,0.5409369,0.0,1
YHHC,0.5409369,0.0013600449337346,1
SLKF,0.5409369,0.000430868271826,1
DVHQ,0.5409369,0.0,1
QHHT,0.5409369,0.0015458649955703,1
IGVP,0.5409369,0.0002846317935852,1
ILAY,0.5409369,0.0006531461346326,1
MIDW,0.5409369,0.0006763466364356,1
NRPI,0.5409369,0.0004385191806097,1
GRSG,0.5409369,0.0001342533223917,1
VVHE,0.5409369,0.0,1
TQTV,0.5409369,0.0,1
PNGE,0.5409369,0.0004320584157286,1
HDMN,0.5409369,0.0003191942435981,1
CKQC,0.5409369,0.0006655538527484,1
CLLK,0.5409369,0.0015242393686917,1
PGAK,0.5409369,0.0004634227249246,1
ICAW,0.5409369,0.0032755008552615,1
DAGP,0.5409369,0.0,1
KQHH,0.5409369,0.0001873116221217,1
PAQR,0.5409369,0.0003861856041039,1
AERS,0.5409369,0.0009479101295395,1
EMTG,0.5409369,0.0004010388921798,1
MTWC,0.5409369,0.001714029201851,1
QFNY,0.5409369,0.0,1
QMLD,0.5409369,0.0,1
TFPQ,0.5409369,0.0,1
QPPC,0.5409369,0.0010937423605897,1
DRGP,0.5409369,0.0007603029116461,1
MMEK,0.5409369,0.0,1
HCDT,0.5409369,0.00055462828671,1
IKVC,0.5409369,0.0025419081601567,1
MRKV,0.5409369,9.805961741149288e-05,1
VWHI,0.5409369,0.0,1
RRLS,0.5409369,0.0007713524870269,1
APLP,0.5409369,0.0,1
NQCL,0.5409369,0.0004115925742679,1
TGSP,0.5409369,0.0003616303834551,1
GQGR,0.5409369,0.0001012331062257,1
MHGK,0.5409369,0.0011479278046601,1
QMTE,0.5409369,0.0004437026065421,1
LDYE,0.5409369,0.0,1
MAEC,0.5409369,0.0,1
NEAN,0.5409369,0.0005072600343915,1
FWFE,0.5409369,0.0,1
CFCC,0.5409369,0.1758555495986071,1
GTEN,0.5409369,0.0003241558015072,1
MLEN,0.5409369,0.0001936905560498,1
PMNW,0.5409369,0.0002351957404202,1
DSLR,0.5409369,6.80022067413591e-05,1
IGNR,0.5409369,0.0,1
HFSC,0.5409369,0.0007471583725641,1
YRFK,0.5409369,0.0003723932651762,1
GHVC,0.5409369,0.0005939436656472,1
CGWN,0.5409369,0.0012240404061223,1
TPPS,0.5409369,0.0003128102879658,1
RHRF,0.5409369,0.0001913213388199,1
AMRK,0.5409369,0.0,1
CYNW,0.5409369,0.0004739550647697,1
AKKS,0.5409369,0.0,1
NWCA,0.5409369,0.056259170870231,1
KHPC,0.5409369,0.0009337621626486,1
GPPV,0.5409369,0.0001266438426678,1
FQRA,0.5409369,0.0028239820802146,1
TVWV,0.5409369,0.0004285072719303,1
VKCF,0.5409369,0.0011633442083877,1
AIGM,0.5409369,0.0790257669551404,1
LKYP,0.5409369,0.0013211865298824,1
CQEN,0.5409369,0.0007537598592933,1
GGHH,0.5409369,0.0,1
KCLE,0.5409369,0.0010340837154269,1
SQYP,0.5409369,0.0002550084179421,1
CKLE,0.5409369,0.000923652558996,1
EGPL,0.5409369,0.0002709618016334,1
INIT,0.5409369,0.0007651476008022,1
WINN,0.5409369,0.0005455993766337,1
RCLS,0.5409369,0.0024736752974097,1
MFHQ,0.5409369,0.0004500867904337,1
NMPW,0.5409369,0.000340011261966,1
NNIM,0.5409369,0.0003514722747048,1
HNQG,0.5409369,0.0,1
HMRI,0.5409369,0.0005058927612852,1
DFNE,0.5409369,0.0,1
EWCT,0.5409369,0.0204529829305233,1
VVHW,0.5409369,0.0,1
DDCS,0.5409369,0.0,1
IKAQ,0.5409369,0.0007835326306373,1
QPNC,0.5409369,0.0001967361055358,1
KEFY,0.5409369,0.0003272073998642,1
NLSC,0.5409369,0.0005499962210762,1
SPAT,0.5409369,0.00023919221808,1
FDMG,0.5409369,0.103468031443286,1
VRFV,0.5409369,0.0216753274843012,1
FEGK,0.5409369,0.0,1
QKFF,0.5409369,0.0010975800839181,1
HRFW,0.5409369,8.68918037219935e-05,1
YRGK,0.5409369,0.0004485807356832,1
STHN,0.5409369,0.000145493151885,1
DNYV,0.5409369,0.0,1
DWLC,0.5409369,0.0,1
MGWR,0.5409369,0.0002325726988674,1
QCMN,0.5409369,0.0,1
KDTF,-0.008027022,0.0004041476694872,2
QYYI,0.00318187,0.0026812313494874,2
WTNY,-0.007990782,0.0002963021200867,2
LSKC,0.015208776,0.0002712228161237,2
DDIA,0.01932269,0.0,2
PPYT,-0.0020534443,0.0,2
TSST,-0.0052346634,5.946964647632261e-05,2
ILEK,-0.007954841,0.0004703914808405,2
VKAP,0.005331154,0.0014576436956533,2
FQDE,-0.0063703703,0.0,2
WFML,0.03154665,0.0080122449409427,2
SFPN,-0.0008409666,0.0004837273012018,2
RDAL,0.01804125,0.0002680465881981,2
MTSV,0.0033057882,0.0008434510348644,2
EVYE,0.034119125,0.0,2
AWWP,0.0071725203,0.0,2
ENCP,0.03494298,0.0014587009926531,2
RPFN,-0.002871518,0.0005812354441851,2
YRNI,0.0063062264,0.000807997118221,2
AFIT,0.020187732,0.0002792949774145,2
GNST,-0.001079266,0.0001193933006669,2
TAGY,0.023692962,0.000695134087387,2
VVVV,0.020599362,0.0015058703170064,2
SVFE,0.005667801,0.0003885842667813,2
SKFM,-0.0023324536,0.000327550131178,2
HCLP,0.014028962,0.0015477594334912,2
QYFQ,0.0064744307,0.0,2
HAFK,-0.0077930735,0.0001818664969211,2
AHVC,0.027820345,0.0,2
RWFC,0.04559147,0.0026298213100414,2
MRLS,0.0146594,0.0361059399706005,2
VCPL,0.007010157,0.0013884531710837,2
FDWS,-8.935202e-05,0.0011878873312945,2
MVPC,0.021769281,0.0018521664700759,2
LWFR,0.019997474,0.0006960439288898,2
GGEA,0.010926182,5.507223138561e-05,2
ERKH,0.01834118,0.0007109325971546,2
RTNV,-0.0028313445,0.0001537151653953,2
NSIF,-0.014844124,0.0001861965755233,2
WCNC,0.034753617,0.0013367962692229,2
MFTG,0.044031437,0.0007356480558202,2
EMHM,0.027434405,0.0,2
MYYY,0.0040563894,0.0001308829599457,2
EHNR,0.009688671,0.0,2
CHAN,0.012054081,0.0014290827528438,2
YLSN,0.0011610342,0.0005455993766337,2
DPFT,-0.002645676,0.0008689175807013,2
FTYR,-0.010223155,0.0001587869725382,2
PTMA,0.024493393,0.0004327415957632,2
CPLV,0.0058928085,0.0013123035916177,2
TGCK,0.011754031,0.0,2
YEHK,-0.010847871,0.0,2
TIVK,0.013015266,0.0002696640334788,2
WFNA,0.022912618,0.0005327669821215,2
CEGQ,0.012123997,0.0019806767889024,2
VKER,-0.013179188,0.000403106122378,2
QHHQ,2.1691434e-05,0.0,2
FDKP,-0.006072943,0.0,2
NECT,0.011571105,0.0011906275839892,2
MFIM,0.028450843,0.0001466298831153,2
QEEK,-0.009467547,0.0003495087883508,2
RLCV,0.054787036,0.0017685390023628,2
IVHY,-0.0010583447,0.0004715734074089,2
NEWN,-0.018601183,0.0,2
YMTG,0.0269165,0.0003554662415125,2
QKPT,-0.008274202,0.0001637750085241,2
RRDE,-0.0023821043,0.0002342351112269,2
ICRW,0.009053524,0.0012108786334644,2
MDLI,-0.002595489,0.0009826502794043,2
SYHS,0.0035612537,0.0003658600279727,2
KESI,0.0009959294,0.0003147776547276,2
DRYE,-0.004127805,0.0,2
RKFC,0.030817922,0.0015178559837075,2
FMIP,0.01217943,0.000203123599187,2
MPAQ,0.0037586642,0.0002218512462062,2
CRGH,0.024861809,0.0058835797838009,2
SMME,0.003234203,0.0005930054058636,2
YQQY,-0.0031205462,0.0,2
EWLF,0.031233605,0.0021573126102196,2
VQDR,-0.014248793,0.0,2
LGYV,0.010660405,0.0009616230342366,2
GQWK,-0.01457787,0.0,2
WTYI,0.0053381277,0.0008032893846348,2
DKMG,0.014140065,0.0005393281810873,2
KCFM,0.021650668,0.0011444280192006,2
FDVT,0.0055034114,0.0005969662750752,2
TIAV,0.04209554,0.001084891264495,2
YHGN,0.022929724,0.0920453378458209,2
KHYE,-0.0027557658,0.0007274658735548,2
GPPC,0.018824872,0.0009479101295395,2
IEWR,-0.013842409,0.0,2
SDCG,0.029034372,0.0658276678595554,2
TPHF,-0.007967,0.0,2
PSVS,0.0042314483,0.0003006534268022,2
GKLC,0.022310968,0.0005774959864782,2
MLPA,0.02701896,0.0007878617962024,2
PMEA,0.00716954,0.0002776422660746,2
VYVR,0.013242955,0.0002086666476201,2
QVDW,-0.003609662,4.593398511262095e-05,2
KFKV,0.009086962,0.0,2
FFVS,0.037510153,0.0007689535960901,2
APFW,-0.0028411793,0.0,2
AYIK,0.005379851,0.0,2
VERQ,-0.008607154,0.0009575826166648,2
RMPG,0.019422706,0.0003122898568001,2
ECGC,0.09156137,0.1190417079854393,2
ASYY,-0.0071536945,0.0,2
TTPN,-0.01453716,0.0008020777843596,2
HHMA,0.03116035,0.0836022839804657,2
SSAT,0.011498685,0.0007237766328902,2
RQFP,-0.00071585644,0.0003746231301137,2
QHGT,0.033885058,0.0361212254676292,2
YMWA,0.027884062,0.0009214568188213,2
QCIL,0.022961315,0.0007894267418479,2
WVRK,-0.0033677863,0.0004455788978499,2
KIAP,0.037314292,0.0003434959823129,2
LCPA,0.027302857,0.0058164278428895,2
QDRP,-0.0040775584,0.0002646449542303,2
RAYG,0.016781207,0.065172634933688,2
NVVL,0.0051159216,0.0002454934297222,2
YITK,0.00091230404,0.0,2
EEVQ,0.015593584,0.0004698867995654,2
GDKI,-0.007386689,0.0003036993186771,2
PLDH,-0.009896998,0.0001368972496689,2
SVTC,0.026949402,0.0004468718725596,2
FGGG,0.04119545,0.0240017987123687,2
LCTM,0.01322114,0.0007473284257301,2
YDVL,0.011457379,0.0004153316895858,2
EHDR,0.007272835,0.0,2
PGMC,0.021827813,0.0004344587903506,2
CECK,0.006477709,0.0004500867904337,2
DFQV,0.0031004502,0.0,2
EVFQ,0.03640699,0.0002958017757379,2
PMFS,0.01143455,0.0003518316689462,2
CLEP,-0.013737445,0.0010075538237193,2
MDLT,-0.0054047154,0.1222634401980815,2
MWSH,0.021451946,0.0005052118638434,2
NVRA,0.014862354,0.0003935899928617,2
NNQP,-0.009274905,0.0003959624057216,2
SIER,-0.01134855,0.0001761319389494,2
ENRQ,0.009700055,8.363910893649365e-05,2
PPST,-0.0053573893,0.000385128991882,2
HVHW,-0.002933626,0.0,2
HLRD,-0.0018418478,0.0131709611211468,2
GGYS,0.0017991615,0.0002187485177698,2
NTHT,-0.013212387,0.0002639750132341,2
RPMN,-0.003382151,0.0002434321342653,2
TRVF,0.005932207,0.0,2
GRNY,-0.003980701,0.0,2
VINI,-0.0013392018,0.0002085401919772,2
WWWK,0.0044818474,0.0009001735808675,2
AIAI,0.030491289,0.001303376371052,2
TSKN,-0.013124649,0.0,2
PTDA,0.0047985865,8.477241627754676e-05,2
SWWI,0.00566947,0.0,2
SQIH,-0.006800954,0.0,2
GEPF,-0.01149029,0.0,2
HCLV,0.025971826,0.0053045142864915,2
IGRP,-0.0029056715,0.0002656563711141,2
YYVW,0.020102259,0.0001468592836949,2
ENFA,0.044981178,0.0045646142167439,2
NGDQ,-0.0142521905,0.0,2
MKLI,0.0058456017,0.0017664583048669,2
MFKG,0.03301459,9.566061234513472e-05,2
WFKL,0.009955461,0.0014279027664794,2
YHWF,0.002347107,0.0002334405406621,2
RKDW,-0.0063020634,7.141787865505873e-05,2
TIAP,0.03228044,0.0006433116975458,2
FIYV,0.018970009,0.0248180095126362,2
QPQV,-0.0028653787,9.993944673822858e-05,2
LRRV,0.012782211,0.0007741793641196,2
REDA,0.011563475,0.0003473832379057,2
IGPW,-0.0017213868,0.0002673592994964,2
ASLT,-0.0039032148,0.1932887696084802,2
KFQA,0.022130307,0.0004812466934417,2
PLSP,-0.0025382685,0.0003167699017513,2
KVMV,0.018223222,0.0005161277934139,2
GDQY,-0.01042295,0.0,2
VTKH,-0.008029644,0.0,2
ANDY,-0.006960218,0.0,2
HNRK,-0.008125727,0.0002731968024048,2
FVTG,0.03683513,0.0007232608810399,2
ELKW,0.021571096,0.0,2
DHER,-0.012259309,0.0007447865303524,2
YMCG,0.06387984,0.1474210552418079,2
DQNS,-0.008129959,0.0,2
IKFK,-0.0032064365,0.0006405672220544,2
FEKS,-0.0013528513,0.0,2
HSDP,-0.012145405,0.0003402423744903,2
MRNN,-0.0044128345,0.0003861856041039,2
QQAC,0.053526755,0.0017921424959303,2
DGVN,-0.0028633522,0.0,2
WHEF,0.002350564,0.0005128037676024,2
CAGF,0.019884344,0.1292993536472268,2
YWTF,0.011802788,0.0003554662415125,2
YTLE,0.005025382,0.000450627080157,2
RHAY,0.02236491,0.0003410704991697,2
QPEG,0.0014683558,0.0002760090709033,2
TCIQ,0.011517997,0.0034001122772718,2
QQMH,0.003366108,0.0,2
VRIM,0.013246532,0.0001757361373524,2
SSVS,-0.0014166879,0.0003005164712323,2
KVWI,0.00394171,0.000536892198017,2
ETGR,0.039382096,0.000380761592887,2
HRRE,-0.0017137574,0.0005262230167317,2
WWWF,0.013051744,0.0071685699837214,2
QCCY,0.044271585,0.0018400607389917,2
TNAN,0.010357554,0.0007191041653633,2
REGA,0.046561357,0.0027398614583202,2
EARG,0.026376482,0.0004398895352164,2
WSEH,-0.008743887,0.0002355753356082,2
WREC,0.029751059,0.0008020777843596,2
GMRA,0.007438655,0.0002716714597448,2
MWLH,0.02660894,0.0029049680173729,2
KSTP,-0.010167782,0.0004020052278552,2
IFFC,0.047696706,0.006175998756962,2
KTWV,-0.0025088834,0.0013722837399809,2
FVHP,-0.0033339905,0.0002731968024048,2
WVMV,0.02830344,0.1621181931964423,2
AAHL,-0.0011677789,0.0029791460072803,2
YRQA,0.023443934,0.0005783858552937,2
TPHL,-0.0052045034,0.0,2
NCCH,0.029852267,0.0006800224098025,2
MENR,-0.0117551135,0.0005224389343349,2
QEAW,0.021471854,7.483503425409912e-05,2
PYYS,0.0028938008,0.0,2
WLDK,-0.011483674,0.000498189124607,2
EMEK,0.012008662,0.0,2
NQYY,-0.010597591,0.0,2
YQKP,-0.0057097124,0.0004739550647697,2
MVWG,0.034078296,0.005614544376388,2
DIKF,0.00031566154,0.0,2
WFWP,0.0064770533,0.0005990539344793,2
FLKS,0.0012738062,0.0002708314655827,2
YALH,0.009316917,0.000695134087387,2
APLF,-0.0056261467,0.0028437302744889,2
KYMY,0.0045707775,0.0,2
QKLK,-0.004547243,0.000516432177168,2
GRVY,0.0034272624,0.0001644206399066,2
MQKY,-0.0059525417,0.0,2
HWLG,0.04821604,0.5387570978171385,2
AVPP,-0.005687897,0.0,2
GGTY,-0.0028047608,0.0,2
QQCF,0.022560593,0.0005939436656472,2
IKLN,0.002196486,0.0009501248152347,2
VKFP,-0.002052133,0.0075664068546766,2
LMFD,0.018658694,0.0024062332389493,2
IRDM,-0.0030047344,0.0005977267208772,2
YGHF,0.0028337194,0.0,2
TDAY,0.008979077,0.0007820257769793,2
VNVD,-0.00052708853,0.0,2
IRNT,-0.0023266124,0.0006815821054845,2
GCSM,0.011098559,0.0015447423022859,2
YLAT,0.025382277,0.0519515391718399,2
QRYM,0.005700822,0.0005529474994783,2
ISDL,-0.0095245885,0.0004466660968158,2
QQNH,5.061738e-06,0.0,2
RKFQ,-0.0015251087,0.0004827319765974,2
TSEN,-0.016562346,0.0,2
KATM,-0.005751555,5.310874503158405e-05,2
NFLL,0.012062783,0.0002402537378765,2
GNVN,-0.0031083273,0.0002463072881964,2
HTDE,-0.014181797,0.000178748703372,2
LPDS,-0.006387477,0.000191908193437,2
MFTQ,0.010054464,5.292899084606958e-05,2
LTGC,0.038572963,0.1147470699467439,2
YWCA,0.067039005,0.6818925132294539,2
QNDT,-0.005462234,0.000295661966927,2
KGLQ,-0.0015634941,0.0002685616552706,2
KRSQ,0.0017962409,0.0001992422783356,2
FEGM,0.022468504,0.0472543260559888,2
WTKK,-0.013616209,0.0004455987564076,2
YLCY,0.0328685,0.0009213853736657,2
EEHN,0.009680684,0.0004533482732016,2
IYEH,0.0044721914,0.000296502645867,2
EAAE,0.04481077,0.0002226407950668,2
FIGQ,0.03401315,0.0080679586950437,2
FYFC,0.040826138,0.0166388472317472,2
RYAH,0.03275227,0.0003200106129245,2
SENW,-0.009024446,0.0,2
NHLY,-0.0043162154,0.0001797760984056,2
PDVT,-0.0009995745,0.0,2
PEKM,-0.01002634,0.0,2
YHHC,0.0257405,0.0013600449337346,2
SLKF,-0.012546186,0.000430868271826,2
DVHQ,-0.0025635408,0.0,2
QHHT,0.003558929,0.0015458649955703,2
IGVP,0.0016421033,0.0002846317935852,2
ILAY,0.023189899,0.0006531461346326,2
MIDW,-0.0046551274,0.0006763466364356,2
NRPI,-0.010702019,0.0004385191806097,2
GRSG,0.0142435385,0.0001342533223917,2
VVHE,-0.000792508,0.0,2
TQTV,0.005636568,0.0,2
PNGE,0.017607745,0.0004320584157286,2
HDMN,-0.0057134675,0.0003191942435981,2
CKQC,0.018346962,0.0006655538527484,2
CLLK,-0.0013083266,0.0015242393686917,2
PGAK,0.0032477928,0.0004634227249246,2
ICAW,0.028056677,0.0032755008552615,2
DAGP,0.020066079,0.0,2
KQHH,-0.0020336555,0.0001873116221217,2
PAQR,-0.01557297,0.0003861856041039,2
AERS,-0.0018328475,0.0009479101295395,2
EMTG,0.040967282,0.0004010388921798,2
MTWC,0.0100191785,0.001714029201851,2
QFNY,0.0029674126,0.0,2
QMLD,0.015593107,0.0,2
TFPQ,0.0029281331,0.0,2
QPPC,0.018578466,0.0010937423605897,2
DRGP,0.024255034,0.0007603029116461,2
MMEK,-0.010074739,0.0,2
HCDT,0.00035124552,0.00055462828671,2
IKVC,0.022089299,0.0025419081601567,2
MRKV,0.0075207306,9.805961741149288e-05,2
VWHI,0.012095387,0.0,2
RRLS,0.013594563,0.0007713524870269,2
APLP,-0.0051457332,0.0,2
NQCL,0.015676137,0.0004115925742679,2
TGSP,-0.0027744817,0.0003616303834551,2
GQGR,0.014393265,0.0001012331062257,2
MHGK,0.019329187,0.0011479278046601,2
QMTE,0.0039843274,0.0004437026065421,2
LDYE,-0.0070101665,0.0,2
MAEC,0.016680297,0.0,2
NEAN,0.006885643,0.0005072600343915,2
FWFE,0.02244204,0.0,2
CFCC,0.057065662,0.1758555495986071,2
GTEN,-0.014979963,0.0003241558015072,2
MLEN,-0.006914203,0.0001936905560498,2
PMNW,-0.009620433,0.0002351957404202,2
DSLR,-0.013747458,6.80022067413591e-05,2
IGNR,-0.007211332,0.0,2
HFSC,0.040513273,0.0007471583725641,2
YRFK,0.0037743999,0.0003723932651762,2
GHVC,0.030684467,0.0005939436656472,2
CGWN,-0.0031976746,0.0012240404061223,2
TPPS,-0.0089342045,0.0003128102879658,2
RHRF,-0.0038846778,0.0001913213388199,2
AMRK,-0.008368497,0.0,2
CYNW,0.0001084758,0.0004739550647697,2
AKKS,-0.0032514976,0.0,2
NWCA,0.055120643,0.056259170870231,2
KHPC,0.017755385,0.0009337621626486,2
GPPV,-0.001451795,0.0001266438426678,2
FQRA,0.020477887,0.0028239820802146,2
TVWV,0.008318122,0.0004285072719303,2
VKCF,0.013447161,0.0011633442083877,2
AIGM,0.041735645,0.0790257669551404,2
LKYP,-0.0057178186,0.0013211865298824,2
CQEN,-0.011945312,0.0007537598592933,2
GGHH,0.002301569,0.0,2
KCLE,0.022961017,0.0010340837154269,2
SQYP,-0.007339482,0.0002550084179421,2
CKLE,0.0007348014,0.000923652558996,2
EGPL,0.014357622,0.0002709618016334,2
INIT,-0.00040811766,0.0007651476008022,2
WINN,-0.0049337195,0.0005455993766337,2
RCLS,0.030308124,0.0024736752974097,2
MFHQ,0.008233662,0.0004500867904337,2
NMPW,-0.010870342,0.000340011261966,2
NNIM,-0.0068462538,0.0003514722747048,2
HNQG,0.0056073023,0.0,2
HMRI,-0.0019025253,0.0005058927612852,2
DFNE,-0.0029263543,0.0,2
EWCT,0.06604665,0.0204529829305233,2
VVHW,-0.001916592,0.0,2
DDCS,0.01323622,0.0,2
IKAQ,0.0055354787,0.0007835326306373,2
QPNC,0.017291125,0.0001967361055358,2
KEFY,-0.0062171863,0.0003272073998642,2
NLSC,0.022479769,0.0005499962210762,2
SPAT,0.014164443,0.00023919221808,2
FDMG,0.033911463,0.103468031443286,2
VRFV,0.015673216,0.0216753274843012,2
FEGK,0.012366171,0.0,2
QKFF,0.00024890434,0.0010975800839181,2
HRFW,0.00559562,8.68918037219935e-05,2
YRGK,0.018289145,0.0004485807356832,2
STHN,-0.0130076455,0.000145493151885,2
DNYV,0.0043129874,0.0,2
DWLC,0.036944743,0.0,2
MGWR,-0.0094595,0.0002325726988674,2
QCMN,0.020867642,0.0,2
KDTF,-0.0009960234,0.0004041476694872,3
QYYI,-0.050199777,0.0026812313494874,3
WTNY,-0.01441586,0.0002963021200867,3
LSKC,0.012812018,0.0002712228161237,3
DDIA,0.05061996,0.0,3
PPYT,-0.006693661,0.0,3
TSST,-0.0067204833,5.946964647632261e-05,3
ILEK,-0.030787885,0.0004703914808405,3
VKAP,0.039497852,0.0014576436956533,3
FQDE,-0.013723552,0.0,3
WFML,0.0769797,0.0080122449409427,3
SFPN,-0.043706715,0.0004837273012018,3
RDAL,0.004865825,0.0002680465881981,3
MTSV,0.022096276,0.0008434510348644,3
EVYE,-0.019307733,0.0,3
AWWP,-0.020216167,0.0,3
ENCP,0.031434894,0.0014587009926531,3
RPFN,-0.020096302,0.0005812354441851,3
YRNI,0.010955751,0.000807997118221,3
AFIT,-0.06389588,0.0002792949774145,3
GNST,-0.012478352,0.0001193933006669,3
TAGY,0.011495858,0.000695134087387,3
VVVV,0.04430294,0.0015058703170064,3
SVFE,0.026693523,0.0003885842667813,3
SKFM,0.03845316,0.000327550131178,3
HCLP,0.0037753582,0.0015477594334912,3
QYFQ,-0.0150772035,0.0,3
HAFK,0.002526939,0.0001818664969211,3
AHVC,0.045375884,0.0,3
RWFC,0.055069923,0.0026298213100414,3
MRLS,0.069196045,0.0361059399706005,3
VCPL,0.001049459,0.0013884531710837,3
FDWS,-0.0045661926,0.0011878873312945,3
MVPC,0.049240768,0.0018521664700759,3
LWFR,0.052737236,0.0006960439288898,3
GGEA,-0.015556395,5.507223138561e-05,3
ERKH,0.018242955,0.0007109325971546,3
RTNV,0.0010449886,0.0001537151653953,3
NSIF,0.003088206,0.0001861965755233,3
WCNC,0.055310845,0.0013367962692229,3
MFTG,0.08737993,0.0007356480558202,3
EMHM,-0.033938587,0.0,3
MYYY,-0.05471313,0.0001308829599457,3
EHNR,0.009745032,0.0,3
CHAN,-0.008781433,0.0014290827528438,3
YLSN,0.0031415224,0.0005455993766337,3
DPFT,-0.0065656304,0.0008689175807013,3
FTYR,-0.03875333,0.0001587869725382,3
PTMA,0.0834977,0.0004327415957632,3
CPLV,0.00943774,0.0013123035916177,3
TGCK,-0.025135666,0.0,3
YEHK,-0.026209176,0.0,3
TIVK,-0.051612556,0.0002696640334788,3
WFNA,0.07432002,0.0005327669821215,3
CEGQ,-0.003925264,0.0019806767889024,3
VKER,0.0056558847,0.000403106122378,3
QHHQ,0.02297911,0.0,3
FDKP,-0.017656028,0.0,3
NECT,0.0130107105,0.0011906275839892,3
MFIM,-0.07995796,0.0001466298831153,3
QEEK,-0.004582107,0.0003495087883508,3
RLCV,0.0015319884,0.0017685390023628,3
IVHY,-0.020637274,0.0004715734074089,3
NEWN,-0.05708465,0.0,3
YMTG,0.1110155,0.0003554662415125,3
QKPT,-0.0108395815,0.0001637750085241,3
RRDE,0.000109523535,0.0002342351112269,3
ICRW,-0.016681671,0.0012108786334644,3
MDLI,-0.038277775,0.0009826502794043,3
SYHS,0.013085276,0.0003658600279727,3
KESI,-0.006783843,0.0003147776547276,3
DRYE,-0.0130082965,0.0,3
RKFC,0.07444167,0.0015178559837075,3
FMIP,-0.06590736,0.000203123599187,3
MPAQ,-0.026551604,0.0002218512462062,3
CRGH,0.048332036,0.0058835797838009,3
SMME,-0.013184428,0.0005930054058636,3
YQQY,-0.0076277256,0.0,3
EWLF,-0.019277483,0.0021573126102196,3
VQDR,0.0063812733,0.0,3
LGYV,0.0041359067,0.0009616230342366,3
GQWK,-0.030408204,0.0,3
WTYI,0.026734114,0.0008032893846348,3
DKMG,0.05462575,0.0005393281810873,3
KCFM,0.016676426,0.0011444280192006,3
FDVT,-0.01959598,0.0005969662750752,3
TIAV,0.025627673,0.001084891264495,3
YHGN,0.04808873,0.0920453378458209,3
KHYE,0.0051339567,0.0007274658735548,3
GPPC,-0.028366148,0.0009479101295395,3
IEWR,-0.07216662,0.0,3
SDCG,0.059243858,0.0658276678595554,3
TPHF,-0.0077655315,0.0,3
PSVS,0.0061843693,0.0003006534268022,3
GKLC,0.03250584,0.0005774959864782,3
MLPA,0.10140592,0.0007878617962024,3
PMEA,-0.012692779,0.0002776422660746,3
VYVR,-0.019393027,0.0002086666476201,3
QVDW,-0.02222532,4.593398511262095e-05,3
KFKV,-0.038571775,0.0,3
FFVS,0.046839237,0.0007689535960901,3
APFW,0.011718988,0.0,3
AYIK,-0.089589596,0.0,3
VERQ,-0.03316158,0.0009575826166648,3
RMPG,-0.05206549,0.0003122898568001,3
ECGC,0.09826714,0.1190417079854393,3
ASYY,-0.00078192353,0.0,3
TTPN,-0.048307717,0.0008020777843596,3
HHMA,0.14854246,0.0836022839804657,3
SSAT,0.002865374,0.0007237766328902,3
RQFP,0.01114586,0.0003746231301137,3
QHGT,0.06390533,0.0361212254676292,3
YMWA,0.18032831,0.0009214568188213,3
QCIL,-0.036744565,0.0007894267418479,3
WVRK,-0.016958833,0.0004455788978499,3
KIAP,-0.0140194595,0.0003434959823129,3
LCPA,0.0802232,0.0058164278428895,3
QDRP,0.0024985075,0.0002646449542303,3
RAYG,0.02735436,0.065172634933688,3
NVVL,-0.03553027,0.0002454934297222,3
YITK,0.06422323,0.0,3
EEVQ,-0.028060675,0.0004698867995654,3
GDKI,0.0036168098,0.0003036993186771,3
PLDH,-0.03767416,0.0001368972496689,3
SVTC,-0.012924433,0.0004468718725596,3
FGGG,0.029695451,0.0240017987123687,3
LCTM,0.016874254,0.0007473284257301,3
YDVL,-0.010416329,0.0004153316895858,3
EHDR,0.0010127425,0.0,3
PGMC,-0.0036277473,0.0004344587903506,3
CECK,-0.021806777,0.0004500867904337,3
DFQV,-0.02086988,0.0,3
EVFQ,0.011958331,0.0002958017757379,3
PMFS,0.010119379,0.0003518316689462,3
CLEP,-0.038764596,0.0010075538237193,3
MDLT,-0.00037699938,0.1222634401980815,3
MWSH,0.061374307,0.0005052118638434,3
NVRA,0.026822224,0.0003935899928617,3
NNQP,-0.0021994412,0.0003959624057216,3
SIER,-0.0025417209,0.0001761319389494,3
ENRQ,-0.0012424588,8.363910893649365e-05,3
PPST,-0.014537394,0.000385128991882,3
HVHW,-0.008558512,0.0,3
HLRD,-0.015901566,0.0131709611211468,3
GGYS,-0.020769358,0.0002187485177698,3
NTHT,0.011082828,0.0002639750132341,3
RPMN,-0.05084634,0.0002434321342653,3
TRVF,-0.012393713,0.0,3
GRNY,-0.009446919,0.0,3
VINI,0.023135185,0.0002085401919772,3
WWWK,-0.05542481,0.0009001735808675,3
AIAI,0.016347766,0.001303376371052,3
TSKN,-0.020098746,0.0,3
PTDA,-0.013173252,8.477241627754676e-05,3
SWWI,-0.04104671,0.0,3
SQIH,-0.032684326,0.0,3
GEPF,-0.024924725,0.0,3
HCLV,0.04393965,0.0053045142864915,3
IGRP,-0.019589007,0.0002656563711141,3
YYVW,0.005066812,0.0001468592836949,3
ENFA,0.1013678,0.0045646142167439,3
NGDQ,-0.013052642,0.0,3
MKLI,-0.0077970624,0.0017664583048669,3
MFKG,-0.015474796,9.566061234513472e-05,3
WFKL,0.02062267,0.0014279027664794,3
YHWF,0.013280749,0.0002334405406621,3
RKDW,-0.008216798,7.141787865505873e-05,3
TIAP,0.0019232631,0.0006433116975458,3
FIYV,0.034446478,0.0248180095126362,3
QPQV,-0.025843054,9.993944673822858e-05,3
LRRV,0.00948447,0.0007741793641196,3
REDA,0.0101056695,0.0003473832379057,3
IGPW,0.0094460845,0.0002673592994964,3
ASLT,0.029532254,0.1932887696084802,3
KFQA,0.00051653385,0.0004812466934417,3
PLSP,-0.026609182,0.0003167699017513,3
KVMV,0.0031465292,0.0005161277934139,3
GDQY,-0.00310871,0.0,3
VTKH,0.0011982322,0.0,3
ANDY,0.0012661815,0.0,3
HNRK,0.0014743209,0.0002731968024048,3
FVTG,0.17599446,0.0007232608810399,3
ELKW,-0.05572124,0.0,3
DHER,-0.0029200912,0.0007447865303524,3
YMCG,0.27040523,0.1474210552418079,3
DQNS,-0.005083561,0.0,3
IKFK,0.0139068365,0.0006405672220544,3
FEKS,-0.029098451,0.0,3
HSDP,-0.011594951,0.0003402423744903,3
MRNN,-0.0150081515,0.0003861856041039,3
QQAC,0.0048508644,0.0017921424959303,3
DGVN,-0.056710243,0.0,3
WHEF,0.018939435,0.0005128037676024,3
CAGF,0.042655945,0.1292993536472268,3
YWTF,0.07694006,0.0003554662415125,3
YTLE,0.03007418,0.000450627080157,3
RHAY,0.025277644,0.0003410704991697,3
QPEG,-0.053866208,0.0002760090709033,3
TCIQ,-0.05839464,0.0034001122772718,3
QQMH,-0.009801447,0.0,3
VRIM,0.002946794,0.0001757361373524,3
SSVS,0.010589242,0.0003005164712323,3
KVWI,-0.019640416,0.000536892198017,3
ETGR,0.022416294,0.000380761592887,3
HRRE,-0.0060992837,0.0005262230167317,3
WWWF,-0.0040237308,0.0071685699837214,3
QCCY,-0.010246336,0.0018400607389917,3
TNAN,-0.050321817,0.0007191041653633,3
REGA,0.06058663,0.0027398614583202,3
EARG,0.011680424,0.0004398895352164,3
WSEH,-0.018750787,0.0002355753356082,3
WREC,0.058596134,0.0008020777843596,3
GMRA,-0.012407005,0.0002716714597448,3
MWLH,0.029115498,0.0029049680173729,3
KSTP,-0.017950892,0.0004020052278552,3
IFFC,0.084400296,0.006175998756962,3
KTWV,-6.970763e-05,0.0013722837399809,3
FVHP,-0.014756501,0.0002731968024048,3
WVMV,0.11444098,0.1621181931964423,3
AAHL,-0.009782851,0.0029791460072803,3
YRQA,0.09678501,0.0005783858552937,3
TPHL,-0.014727771,0.0,3
NCCH,-0.005221635,0.0006800224098025,3
MENR,-0.010056853,0.0005224389343349,3
QEAW,-0.0138427615,7.483503425409912e-05,3
PYYS,-0.036553532,0.0,3
WLDK,-0.020147264,0.000498189124607,3
EMEK,-0.042356282,0.0,3
NQYY,-0.006266415,0.0,3
YQKP,-0.011401355,0.0004739550647697,3
MVWG,0.13027924,0.005614544376388,3
DIKF,-0.032166526,0.0,3
WFWP,-0.039757907,0.0005990539344793,3
FLKS,-0.021900296,0.0002708314655827,3
YALH,0.026050389,0.000695134087387,3
APLF,-0.0007213354,0.0028437302744889,3
KYMY,-0.026280165,0.0,3
QKLK,0.02423188,0.000516432177168,3
GRVY,-0.012478799,0.0001644206399066,3
MQKY,-0.015913546,0.0,3
HWLG,0.19476312,0.5387570978171385,3
AVPP,-0.027907908,0.0,3
GGTY,-0.028328866,0.0,3
QQCF,0.011819571,0.0005939436656472,3
IKLN,0.015268624,0.0009501248152347,3
VKFP,0.031755626,0.0075664068546766,3
LMFD,0.00053185225,0.0024062332389493,3
IRDM,-0.009545147,0.0005977267208772,3
YGHF,0.008093417,0.0,3
TDAY,0.00060394406,0.0007820257769793,3
VNVD,0.002400577,0.0,3
IRNT,0.02392745,0.0006815821054845,3
GCSM,-0.017563403,0.0015447423022859,3
YLAT,0.13304764,0.0519515391718399,3
QRYM,0.0045138896,0.0005529474994783,3
ISDL,-0.012957513,0.0004466660968158,3
QQNH,0.0069283843,0.0,3
RKFQ,0.0323748,0.0004827319765974,3
TSEN,-0.025005937,0.0,3
KATM,-0.024119824,5.310874503158405e-05,3
NFLL,0.00016704202,0.0002402537378765,3
GNVN,-0.03472829,0.0002463072881964,3
HTDE,-0.015096486,0.000178748703372,3
LPDS,-0.0066391826,0.000191908193437,3
MFTQ,0.00023818016,5.292899084606958e-05,3
LTGC,0.13710278,0.1147470699467439,3
YWCA,0.45028538,0.6818925132294539,3
QNDT,-0.009691566,0.000295661966927,3
KGLQ,-0.0026392937,0.0002685616552706,3
KRSQ,0.0015895665,0.0001992422783356,3
FEGM,0.027685463,0.0472543260559888,3
WTKK,-0.035562456,0.0004455987564076,3
YLCY,0.059797168,0.0009213853736657,3
EEHN,-0.007943511,0.0004533482732016,3
IYEH,0.008985698,0.000296502645867,3
EAAE,0.019484103,0.0002226407950668,3
FIGQ,0.038686395,0.0080679586950437,3
FYFC,0.11963385,0.0166388472317472,3
RYAH,-0.014367282,0.0003200106129245,3
SENW,0.00232324,0.0,3
NHLY,0.023879617,0.0001797760984056,3
PDVT,0.019225687,0.0,3
PEKM,-0.010357052,0.0,3
YHHC,0.09081799,0.0013600449337346,3
SLKF,-0.026428968,0.000430868271826,3
DVHQ,0.00035060942,0.0,3
QHHT,0.028927118,0.0015458649955703,3
IGVP,-0.034567118,0.0002846317935852,3
ILAY,0.057056606,0.0006531461346326,3
MIDW,-0.036517918,0.0006763466364356,3
NRPI,-0.02218905,0.0004385191806097,3
GRSG,-0.045211434,0.0001342533223917,3
VVHE,0.0013504028,0.0,3
TQTV,-0.026509225,0.0,3
PNGE,-0.01766771,0.0004320584157286,3
HDMN,-0.01972723,0.0003191942435981,3
CKQC,0.038526475,0.0006655538527484,3
CLLK,0.01129967,0.0015242393686917,3
PGAK,-0.035596073,0.0004634227249246,3
ICAW,0.034506023,0.0032755008552615,3
DAGP,0.003189981,0.0,3
KQHH,-0.0064138174,0.0001873116221217,3
PAQR,-0.0089598,0.0003861856041039,3
AERS,-0.010132134,0.0009479101295395,3
EMTG,-0.036105722,0.0004010388921798,3
MTWC,0.023747623,0.001714029201851,3
QFNY,-0.03041318,0.0,3
QMLD,0.0073762536,0.0,3
TFPQ,-0.054537773,0.0,3
QPPC,-0.027439862,0.0010937423605897,3
DRGP,0.004597068,0.0007603029116461,3
MMEK,-0.04165578,0.0,3
HCDT,-0.01334095,0.00055462828671,3
IKVC,0.05827731,0.0025419081601567,3
MRKV,0.008764267,9.805961741149288e-05,3
VWHI,0.059785366,0.0,3
RRLS,0.07173288,0.0007713524870269,3
APLP,-0.00528875,0.0,3
NQCL,-0.004569888,0.0004115925742679,3
TGSP,-0.02070105,0.0003616303834551,3
GQGR,-0.011307269,0.0001012331062257,3
MHGK,0.045828223,0.0011479278046601,3
QMTE,-0.050273687,0.0004437026065421,3
LDYE,-0.07316214,0.0,3
MAEC,0.038880408,0.0,3
NEAN,-0.03382218,0.0005072600343915,3
FWFE,0.016384065,0.0,3
CFCC,0.15023673,0.1758555495986071,3
GTEN,-0.03031978,0.0003241558015072,3
MLEN,-0.057538807,0.0001936905560498,3
PMNW,-0.036192745,0.0002351957404202,3
DSLR,-0.007973909,6.80022067413591e-05,3
IGNR,-0.0029703379,0.0,3
HFSC,0.08614963,0.0007471583725641,3
YRFK,0.043917,0.0003723932651762,3
GHVC,0.035939157,0.0005939436656472,3
CGWN,-0.05419302,0.0012240404061223,3
TPPS,-0.030534208,0.0003128102879658,3
RHRF,0.030267775,0.0001913213388199,3
AMRK,-0.028809637,0.0,3
CYNW,0.0074974895,0.0004739550647697,3
AKKS,-0.0030509233,0.0,3
NWCA,0.15470767,0.056259170870231,3
KHPC,0.032751977,0.0009337621626486,3
GPPV,-0.025839567,0.0001266438426678,3
FQRA,0.05861026,0.0028239820802146,3
TVWV,-0.012533069,0.0004285072719303,3
VKCF,0.036680937,0.0011633442083877,3
AIGM,0.036994487,0.0790257669551404,3
LKYP,-0.019637704,0.0013211865298824,3
CQEN,-0.03291017,0.0007537598592933,3
GGHH,-0.018054664,0.0,3
KCLE,0.00947997,0.0010340837154269,3
SQYP,0.0067593157,0.0002550084179421,3
CKLE,0.0051177144,0.000923652558996,3
EGPL,-0.009467423,0.0002709618016334,3
INIT,-0.006239295,0.0007651476008022,3
WINN,-0.012269318,0.0005455993766337,3
RCLS,0.044972062,0.0024736752974097,3
MFHQ,-0.034389317,0.0004500867904337,3
NMPW,-0.044910133,0.000340011261966,3
NNIM,-0.00824827,0.0003514722747048,3
HNQG,-0.032141507,0.0,3
HMRI,-0.027306616,0.0005058927612852,3
DFNE,-0.020088553,0.0,3
EWCT,0.034496605,0.0204529829305233,3
VVHW,0.005215585,0.0,3
DDCS,0.022328138,0.0,3
IKAQ,0.018357277,0.0007835326306373,3
QPNC,-0.008384287,0.0001967361055358,3
KEFY,-0.009608209,0.0003272073998642,3
NLSC,-0.007279575,0.0005499962210762,3
SPAT,-0.0051306486,0.00023919221808,3
FDMG,0.11874509,0.103468031443286,3
VRFV,0.05088055,0.0216753274843012,3
FEGK,0.0037012696,0.0,3
QKFF,0.039447904,0.0010975800839181,3
HRFW,0.021865547,8.68918037219935e-05,3
YRGK,0.03931302,0.0004485807356832,3
STHN,0.0031193197,0.000145493151885,3
DNYV,-0.0141375065,0.0,3
DWLC,0.020576775,0.0,3
MGWR,-0.054306388,0.0002325726988674,3
QCMN,-0.005617678,0.0,3
KDTF,-0.0083437,0.0004041476694872,4
QYYI,-0.04158619,0.0026812313494874,4
WTNY,-0.0028038602,0.0002963021200867,4
LSKC,0.048675098,0.0002712228161237,4
DDIA,0.0054120272,0.0,4
PPYT,-0.0030027376,0.0,4
TSST,-0.010229724,5.946964647632261e-05,4
ILEK,-0.04662686,0.0004703914808405,4
VKAP,0.045257576,0.0014576436956533,4
FQDE,0.0048834085,0.0,4
WFML,0.08699783,0.0080122449409427,4
SFPN,-0.011091858,0.0004837273012018,4
RDAL,-0.007053213,0.0002680465881981,4
MTSV,0.013409136,0.0008434510348644,4
EVYE,-0.019955577,0.0,4
AWWP,0.018013706,0.0,4
ENCP,0.038883008,0.0014587009926531,4
RPFN,-0.00632371,0.0005812354441851,4
YRNI,0.015138896,0.000807997118221,4
AFIT,-0.012088912,0.0002792949774145,4
GNST,-0.0031165606,0.0001193933006669,4
TAGY,0.026456097,0.000695134087387,4
VVVV,-0.0887977,0.0015058703170064,4
SVFE,-0.0021623317,0.0003885842667813,4
SKFM,0.02933616,0.000327550131178,4
HCLP,0.010918499,0.0015477594334912,4
QYFQ,-0.0050013056,0.0,4
HAFK,0.03695502,0.0001818664969211,4
AHVC,0.05358381,0.0,4
RWFC,0.044490308,0.0026298213100414,4
MRLS,0.15337591,0.0361059399706005,4
VCPL,0.018440748,0.0013884531710837,4
FDWS,0.018460551,0.0011878873312945,4
MVPC,0.015564054,0.0018521664700759,4
LWFR,0.006266175,0.0006960439288898,4
GGEA,-0.003393957,5.507223138561e-05,4
ERKH,-0.0007877629,0.0007109325971546,4
RTNV,-0.01182417,0.0001537151653953,4
NSIF,0.0032838872,0.0001861965755233,4
WCNC,0.01599179,0.0013367962692229,4
MFTG,-0.06901799,0.0007356480558202,4
EMHM,-0.008185865,0.0,4
MYYY,-0.11512884,0.0001308829599457,4
EHNR,0.0019121822,0.0,4
CHAN,-0.00090136565,0.0014290827528438,4
YLSN,-0.05135428,0.0005455993766337,4
DPFT,-0.0020285752,0.0008689175807013,4
FTYR,-0.040068284,0.0001587869725382,4
PTMA,0.012844544,0.0004327415957632,4
CPLV,0.004144877,0.0013123035916177,4
TGCK,0.017952846,0.0,4
YEHK,-0.019477272,0.0,4
TIVK,-0.06379264,0.0002696640334788,4
WFNA,-0.031913258,0.0005327669821215,4
CEGQ,0.0015886365,0.0019806767889024,4
VKER,0.010719909,0.000403106122378,4
QHHQ,0.010077767,0.0,4
FDKP,0.009244875,0.0,4
NECT,-0.013983717,0.0011906275839892,4
MFIM,-0.118588984,0.0001466298831153,4
QEEK,-0.0019821972,0.0003495087883508,4
RLCV,-0.06348227,0.0017685390023628,4
IVHY,-0.06887866,0.0004715734074089,4
NEWN,-0.020261487,0.0,4
YMTG,-0.06944358,0.0003554662415125,4
QKPT,-0.0021309182,0.0001637750085241,4
RRDE,-0.004250597,0.0002342351112269,4
ICRW,0.013285918,0.0012108786334644,4
MDLI,0.018251121,0.0009826502794043,4
SYHS,0.0024219528,0.0003658600279727,4
KESI,-0.0108420085,0.0003147776547276,4
DRYE,0.0037438008,0.0,4
RKFC,0.034443878,0.0015178559837075,4
FMIP,-0.079833955,0.000203123599187,4
MPAQ,0.0037647998,0.0002218512462062,4
CRGH,0.033399574,0.0058835797838009,4
SMME,-0.033881463,0.0005930054058636,4
YQQY,-0.0028987844,0.0,4
EWLF,0.025890244,0.0021573126102196,4
VQDR,0.011352528,0.0,4
LGYV,0.025041735,0.0009616230342366,4
GQWK,-0.013142133,0.0,4
WTYI,0.078215286,0.0008032893846348,4
DKMG,0.028230814,0.0005393281810873,4
KCFM,0.010875994,0.0011444280192006,4
FDVT,-0.031402558,0.0005969662750752,4
TIAV,0.036974654,0.001084891264495,4
YHGN,0.09856582,0.0920453378458209,4
KHYE,-0.00990439,0.0007274658735548,4
GPPC,-0.006911123,0.0009479101295395,4
IEWR,-0.08315275,0.0,4
SDCG,0.0472942,0.0658276678595554,4
TPHF,-0.0065809973,0.0,4
PSVS,-0.0027648248,0.0003006534268022,4
GKLC,0.009843392,0.0005774959864782,4
MLPA,-0.05063115,0.0007878617962024,4
PMEA,-0.006961314,0.0002776422660746,4
VYVR,-0.11532834,0.0002086666476201,4
QVDW,-0.0034669507,4.593398511262095e-05,4
KFKV,-0.03277599,0.0,4
FFVS,-0.109631926,0.0007689535960901,4
APFW,0.01403211,0.0,4
AYIK,-0.030802289,0.0,4
VERQ,-0.019964365,0.0009575826166648,4
RMPG,-0.037381172,0.0003122898568001,4
ECGC,0.081316695,0.1190417079854393,4
ASYY,0.01039587,0.0,4
TTPN,-0.010694126,0.0008020777843596,4
HHMA,0.11662633,0.0836022839804657,4
SSAT,-0.008706955,0.0007237766328902,4
RQFP,0.0014173482,0.0003746231301137,4
QHGT,0.050219692,0.0361212254676292,4
YMWA,-0.07524578,0.0009214568188213,4
QCIL,-0.03521549,0.0007894267418479,4
WVRK,-0.026609324,0.0004455788978499,4
KIAP,-0.011474917,0.0003434959823129,4
LCPA,0.032610357,0.0058164278428895,4
QDRP,0.0005731089,0.0002646449542303,4
RAYG,0.022092333,0.065172634933688,4
NVVL,-0.034952417,0.0002454934297222,4
YITK,-0.012531588,0.0,4
EEVQ,-0.014951026,0.0004698867995654,4
GDKI,0.0027774256,0.0003036993186771,4
PLDH,-0.0003627902,0.0001368972496689,4
SVTC,-0.03415431,0.0004468718725596,4
FGGG,0.06973942,0.0240017987123687,4
LCTM,-0.017349716,0.0007473284257301,4
YDVL,0.0046414994,0.0004153316895858,4
EHDR,-0.0038367342,0.0,4
PGMC,0.0011194833,0.0004344587903506,4
CECK,-0.017843151,0.0004500867904337,4
DFQV,-0.007113306,0.0,4
EVFQ,0.0029214006,0.0002958017757379,4
PMFS,-0.003419051,0.0003518316689462,4
CLEP,-0.013729017,0.0010075538237193,4
MDLT,0.035428308,0.1222634401980815,4
MWSH,-0.111411974,0.0005052118638434,4
NVRA,0.006424723,0.0003935899928617,4
NNQP,0.0006333825,0.0003959624057216,4
SIER,-0.001161078,0.0001761319389494,4
ENRQ,-0.001177107,8.363910893649365e-05,4
PPST,-0.0036746617,0.000385128991882,4
HVHW,0.0016822945,0.0,4
HLRD,-0.0070925625,0.0131709611211468,4
GGYS,-0.010277724,0.0002187485177698,4
NTHT,-0.0048883054,0.0002639750132341,4
RPMN,-0.023380721,0.0002434321342653,4
TRVF,-0.003178211,0.0,4
GRNY,-0.002941152,0.0,4
VINI,-0.00055604614,0.0002085401919772,4
WWWK,-0.04886441,0.0009001735808675,4
AIAI,0.054533638,0.001303376371052,4
TSKN,0.0060861697,0.0,4
PTDA,-0.0020254934,8.477241627754676e-05,4
SWWI,-0.0032385401,0.0,4
SQIH,-0.018021533,0.0,4
GEPF,-0.0048067328,0.0,4
HCLV,0.026315378,0.0053045142864915,4
IGRP,-0.0010639019,0.0002656563711141,4
YYVW,-0.05131329,0.0001468592836949,4
ENFA,0.07847973,0.0045646142167439,4
NGDQ,-0.0018405449,0.0,4
MKLI,0.0460881,0.0017664583048669,4
MFKG,-0.028732182,9.566061234513472e-05,4
WFKL,-0.0012939665,0.0014279027664794,4
YHWF,0.021378104,0.0002334405406621,4
RKDW,-0.008433806,7.141787865505873e-05,4
TIAP,0.011933116,0.0006433116975458,4
FIYV,-0.10112641,0.0248180095126362,4
QPQV,-0.020431142,9.993944673822858e-05,4
LRRV,0.030953122,0.0007741793641196,4
REDA,-0.0007412974,0.0003473832379057,4
IGPW,0.014575677,0.0002673592994964,4
ASLT,0.03225582,0.1932887696084802,4
KFQA,-0.034695655,0.0004812466934417,4
PLSP,-0.006699742,0.0003167699017513,4
KVMV,-0.037301853,0.0005161277934139,4
GDQY,0.0025185575,0.0,4
VTKH,0.00918364,0.0,4
ANDY,0.003670969,0.0,4
HNRK,0.0026120194,0.0002731968024048,4
FVTG,0.006145833,0.0007232608810399,4
ELKW,-0.018425284,0.0,4
DHER,0.0016050264,0.0007447865303524,4
YMCG,0.18432733,0.1474210552418079,4
DQNS,-0.0010006232,0.0,4
IKFK,-0.009394655,0.0006405672220544,4
FEKS,0.0046125893,0.0,4
HSDP,-0.00029237242,0.0003402423744903,4
MRNN,0.028993784,0.0003861856041039,4
QQAC,-0.004837053,0.0017921424959303,4
DGVN,-0.009704753,0.0,4
WHEF,-0.0070839617,0.0005128037676024,4
CAGF,0.04028678,0.1292993536472268,4
YWTF,-0.033678554,0.0003554662415125,4
YTLE,0.08005482,0.000450627080157,4
RHAY,-0.009605849,0.0003410704991697,4
QPEG,-0.01467197,0.0002760090709033,4
TCIQ,-0.04401265,0.0034001122772718,4
QQMH,-0.0028012823,0.0,4
VRIM,-0.045141205,0.0001757361373524,4
SSVS,-0.003780309,0.0003005164712323,4
KVWI,-0.00025973655,0.000536892198017,4
ETGR,0.013126375,0.000380761592887,4
HRRE,0.005374019,0.0005262230167317,4
WWWF,0.018656453,0.0071685699837214,4
QCCY,-0.0020647068,0.0018400607389917,4
TNAN,-0.015604913,0.0007191041653633,4
REGA,0.02730011,0.0027398614583202,4
EARG,0.010305541,0.0004398895352164,4
WSEH,0.011751728,0.0002355753356082,4
WREC,-0.008965457,0.0008020777843596,4
GMRA,-0.011347609,0.0002716714597448,4
MWLH,0.17733054,0.0029049680173729,4
KSTP,-0.0058637876,0.0004020052278552,4
IFFC,0.032328673,0.006175998756962,4
KTWV,-0.0031657312,0.0013722837399809,4
FVHP,-0.04013475,0.0002731968024048,4
WVMV,0.16457373,0.1621181931964423,4
AAHL,0.027253518,0.0029791460072803,4
YRQA,0.08871257,0.0005783858552937,4
TPHL,-0.0080905855,0.0,4
NCCH,0.0037714522,0.0006800224098025,4
MENR,0.011072783,0.0005224389343349,4
QEAW,-0.012325063,7.483503425409912e-05,4
PYYS,-0.020470183,0.0,4
WLDK,-0.03434515,0.000498189124607,4
EMEK,-0.021737972,0.0,4
NQYY,0.00033568963,0.0,4
YQKP,0.00293901,0.0004739550647697,4
MVWG,0.05477324,0.005614544376388,4
DIKF,-0.011001373,0.0,4
WFWP,0.0021624994,0.0005990539344793,4
FLKS,-0.037426524,0.0002708314655827,4
YALH,0.118645065,0.000695134087387,4
APLF,0.006067155,0.0028437302744889,4
KYMY,-0.016698612,0.0,4
QKLK,0.017979618,0.000516432177168,4
GRVY,-0.006793428,0.0001644206399066,4
MQKY,0.0018808581,0.0,4
HWLG,0.24012406,0.5387570978171385,4
AVPP,-0.018722875,0.0,4
GGTY,-0.00596569,0.0,4
QQCF,0.013547688,0.0005939436656472,4
IKLN,0.053873308,0.0009501248152347,4
VKFP,0.0122708175,0.0075664068546766,4
LMFD,-0.005241642,0.0024062332389493,4
IRDM,-0.010355016,0.0005977267208772,4
YGHF,0.0068062525,0.0,4
TDAY,0.0033383174,0.0007820257769793,4
VNVD,0.009806052,0.0,4
IRNT,-0.029028302,0.0006815821054845,4
GCSM,-0.0023785103,0.0015447423022859,4
YLAT,0.06742993,0.0519515391718399,4
QRYM,0.014556875,0.0005529474994783,4
ISDL,0.013948217,0.0004466660968158,4
QQNH,-0.00031351484,0.0,4
RKFQ,0.0048651043,0.0004827319765974,4
TSEN,0.0008788635,0.0,4
KATM,-0.013147747,5.310874503158405e-05,4
NFLL,0.010436619,0.0002402537378765,4
GNVN,-0.012640936,0.0002463072881964,4
HTDE,0.002178025,0.000178748703372,4
LPDS,-0.002526977,0.000191908193437,4
MFTQ,-0.1318154,5.292899084606958e-05,4
LTGC,0.124633014,0.1147470699467439,4
YWCA,0.6290922,0.6818925132294539,4
QNDT,-0.0020020846,0.000295661966927,4
KGLQ,-0.01138542,0.0002685616552706,4
KRSQ,-0.00448063,0.0001992422783356,4
FEGM,0.08909125,0.0472543260559888,4
WTKK,-0.0059193876,0.0004455987564076,4
YLCY,-0.024544807,0.0009213853736657,4
EEHN,-0.00842556,0.0004533482732016,4
IYEH,-0.038542643,0.000296502645867,4
EAAE,0.028215302,0.0002226407950668,4
FIGQ,0.11376866,0.0080679586950437,4
FYFC,-0.007902363,0.0166388472317472,4
RYAH,-0.041506045,0.0003200106129245,4
SENW,0.0015841462,0.0,4
NHLY,-0.001549745,0.0001797760984056,4
PDVT,0.0015430977,0.0,4
PEKM,0.0020612204,0.0,4
YHHC,0.017154431,0.0013600449337346,4
SLKF,-0.008581791,0.000430868271826,4
DVHQ,0.0102370735,0.0,4
QHHT,0.011102672,0.0015458649955703,4
IGVP,-0.026142353,0.0002846317935852,4
ILAY,0.0052011646,0.0006531461346326,4
MIDW,-0.0052664634,0.0006763466364356,4
NRPI,-0.009223254,0.0004385191806097,4
GRSG,-0.012230674,0.0001342533223917,4
VVHE,-0.058145203,0.0,4
TQTV,-0.026862347,0.0,4
PNGE,-0.0007119123,0.0004320584157286,4
HDMN,-0.005229138,0.0003191942435981,4
CKQC,0.038541667,0.0006655538527484,4
CLLK,0.014933855,0.0015242393686917,4
PGAK,-0.0046464074,0.0004634227249246,4
ICAW,0.07735954,0.0032755008552615,4
DAGP,0.0023521725,0.0,4
KQHH,-0.0059273224,0.0001873116221217,4
PAQR,0.0047497153,0.0003861856041039,4
AERS,0.0025056093,0.0009479101295395,4
EMTG,-0.038850203,0.0004010388921798,4
MTWC,0.048190214,0.001714029201851,4
QFNY,-0.025824623,0.0,4
QMLD,0.011479663,0.0,4
TFPQ,-0.027990857,0.0,4
QPPC,-0.01469879,0.0010937423605897,4
DRGP,0.0045273528,0.0007603029116461,4
MMEK,-0.013543675,0.0,4
HCDT,0.0045839055,0.00055462828671,4
IKVC,0.04422784,0.0025419081601567,4
MRKV,0.020538423,9.805961741149288e-05,4
VWHI,-0.08648339,0.0,4
RRLS,0.023595996,0.0007713524870269,4
APLP,-0.0023534764,0.0,4
NQCL,-0.007356383,0.0004115925742679,4
TGSP,-0.009667279,0.0003616303834551,4
GQGR,-0.0019447235,0.0001012331062257,4
MHGK,0.050398797,0.0011479278046601,4
QMTE,-0.046186008,0.0004437026065421,4
LDYE,-0.034210667,0.0,4
MAEC,0.07282528,0.0,4
NEAN,-0.019267067,0.0005072600343915,4
FWFE,-0.009688543,0.0,4
CFCC,0.038149454,0.1758555495986071,4
GTEN,-0.0030247131,0.0003241558015072,4
MLEN,-0.0120522175,0.0001936905560498,4
PMNW,-0.0034667468,0.0002351957404202,4
DSLR,0.00044745207,6.80022067413591e-05,4
IGNR,-0.0018659551,0.0,4
HFSC,0.03570977,0.0007471583725641,4
YRFK,0.07850665,0.0003723932651762,4
GHVC,0.0070495103,0.0005939436656472,4
CGWN,-0.018485961,0.0012240404061223,4
TPPS,-0.010532138,0.0003128102879658,4
RHRF,0.013166403,0.0001913213388199,4
AMRK,-0.00797013,0.0,4
CYNW,0.0009766286,0.0004739550647697,4
AKKS,0.008510413,0.0,4
NWCA,0.2061912,0.056259170870231,4
KHPC,0.03076574,0.0009337621626486,4
GPPV,-0.0072553763,0.0001266438426678,4
FQRA,0.031770952,0.0028239820802146,4
TVWV,-0.025078272,0.0004285072719303,4
VKCF,0.1014537,0.0011633442083877,4
AIGM,0.025549693,0.0790257669551404,4
LKYP,-0.0059202025,0.0013211865298824,4
CQEN,-0.0035766186,0.0007537598592933,4
GGHH,-0.0038781213,0.0,4
KCLE,-0.013044247,0.0010340837154269,4
SQYP,-0.0023721643,0.0002550084179421,4
CKLE,0.036056772,0.000923652558996,4
EGPL,0.004911407,0.0002709618016334,4
INIT,-0.03195171,0.0007651476008022,4
WINN,-0.00060609914,0.0005455993766337,4
RCLS,0.0056187045,0.0024736752974097,4
MFHQ,-0.089321494,0.0004500867904337,4
NMPW,-0.015311809,0.000340011261966,4
NNIM,-0.006127065,0.0003514722747048,4
HNQG,-0.010105353,0.0,4
HMRI,-0.018138377,0.0005058927612852,4
DFNE,-0.0027331952,0.0,4
EWCT,0.090946004,0.0204529829305233,4
VVHW,-0.039393738,0.0,4
DDCS,0.0045379475,0.0,4
IKAQ,0.0030193608,0.0007835326306373,4
QPNC,-0.012806555,0.0001967361055358,4
KEFY,-0.0045952043,0.0003272073998642,4
NLSC,-0.02592286,0.0005499962210762,4
SPAT,-0.023336483,0.00023919221808,4
FDMG,0.10302909,0.103468031443286,4
VRFV,0.035976455,0.0216753274843012,4
FEGK,0.05691088,0.0,4
QKFF,0.02855158,0.0010975800839181,4
HRFW,0.052212477,8.68918037219935e-05,4
YRGK,0.0960917,0.0004485807356832,4
STHN,-0.0018019881,0.000145493151885,4
DNYV,-0.0064306445,0.0,4
DWLC,0.033641756,0.0,4
MGWR,-0.01607505,0.0002325726988674,4
QCMN,-0.0044643506,0.0,4
KDTF,-0.006532806,0.0004041476694872,5
QYYI,-0.032858975,0.0026812313494874,5
WTNY,-0.010907809,0.0002963021200867,5
LSKC,0.06582034,0.0002712228161237,5
DDIA,-0.005618683,0.0,5
PPYT,-0.0008824009,0.0,5
TSST,0.009539233,5.946964647632261e-05,5
ILEK,-0.062037863,0.0004703914808405,5
VKAP,0.05892562,0.0014576436956533,5
FQDE,0.022472652,0.0,5
WFML,-0.11695591,0.0080122449409427,5
SFPN,-0.012464865,0.0004837273012018,5
RDAL,-0.0117100915,0.0002680465881981,5
MTSV,0.006922745,0.0008434510348644,5
EVYE,-0.019351562,0.0,5
AWWP,-0.021720206,0.0,5
ENCP,0.04734552,0.0014587009926531,5
RPFN,0.004331083,0.0005812354441851,5
YRNI,0.030899072,0.000807997118221,5
AFIT,-0.047892474,0.0002792949774145,5
GNST,0.0033855953,0.0001193933006669,5
TAGY,0.009226092,0.000695134087387,5
VVVV,-0.080070876,0.0015058703170064,5
SVFE,0.0062649036,0.0003885842667813,5
SKFM,0.01577484,0.000327550131178,5
HCLP,0.014711284,0.0015477594334912,5
QYFQ,-0.0031879607,0.0,5
HAFK,0.025978977,0.0001818664969211,5
AHVC,0.038079493,0.0,5
RWFC,0.036682148,0.0026298213100414,5
MRLS,0.15643962,0.0361059399706005,5
VCPL,0.007578441,0.0013884531710837,5
FDWS,-0.05426357,0.0011878873312945,5
MVPC,0.011598759,0.0018521664700759,5
LWFR,0.049866237,0.0006960439288898,5
GGEA,-0.006597991,5.507223138561e-05,5
ERKH,-0.00035396102,0.0007109325971546,5
RTNV,-0.004089906,0.0001537151653953,5
NSIF,0.007938557,0.0001861965755233,5
WCNC,0.026064547,0.0013367962692229,5
MFTG,-0.07203632,0.0007356480558202,5
EMHM,-0.0030824158,0.0,5
MYYY,-0.14388318,0.0001308829599457,5
EHNR,0.0005211842,0.0,5
CHAN,-0.005333691,0.0014290827528438,5
YLSN,-0.072943546,0.0005455993766337,5
DPFT,-0.0046851477,0.0008689175807013,5
FTYR,-0.075033434,0.0001587869725382,5
PTMA,0.015593992,0.0004327415957632,5
CPLV,-0.009964368,0.0013123035916177,5
TGCK,-0.02119959,0.0,5
YEHK,-0.019285036,0.0,5
TIVK,-0.047531776,0.0002696640334788,5
WFNA,-0.02525614,0.0005327669821215,5
CEGQ,-0.013581744,0.0019806767889024,5
VKER,0.008188599,0.000403106122378,5
QHHQ,0.007280522,0.0,5
FDKP,0.01989586,0.0,5
NECT,-0.031776093,0.0011906275839892,5
MFIM,-0.07765045,0.0001466298831153,5
QEEK,0.0017283813,0.0003495087883508,5
RLCV,-0.07611384,0.0017685390023628,5
IVHY,-0.079865076,0.0004715734074089,5
NEWN,-0.017193353,0.0,5
YMTG,-0.1452699,0.0003554662415125,5
QKPT,0.007005659,0.0001637750085241,5
RRDE,-0.0016845304,0.0002342351112269,5
ICRW,0.016088078,0.0012108786334644,5
MDLI,-0.007479093,0.0009826502794043,5
SYHS,-0.009172372,0.0003658600279727,5
KESI,-0.0056429086,0.0003147776547276,5
DRYE,0.0054665143,0.0,5
RKFC,0.031414278,0.0015178559837075,5
FMIP,-0.07986798,0.000203123599187,5
MPAQ,0.0059950436,0.0002218512462062,5
CRGH,0.014877812,0.0058835797838009,5
SMME,-0.017364433,0.0005930054058636,5
YQQY,-0.019559162,0.0,5
EWLF,0.018524343,0.0021573126102196,5
VQDR,0.018505553,0.0,5
LGYV,-0.028303018,0.0009616230342366,5
GQWK,-0.00917125,0.0,5
WTYI,-0.06142205,0.0008032893846348,5
DKMG,0.035985176,0.0005393281810873,5
KCFM,0.0057807947,0.0011444280192006,5
FDVT,-0.04883481,0.0005969662750752,5
TIAV,0.05530355,0.001084891264495,5
YHGN,0.08695623,0.0920453378458209,5
KHYE,-0.00045602652,0.0007274658735548,5
GPPC,-0.01092161,0.0009479101295395,5
IEWR,-0.10809644,0.0,5
SDCG,0.030512633,0.0658276678595554,5
TPHF,-0.010362356,0.0,5
PSVS,0.00033898023,0.0003006534268022,5
GKLC,0.0019439303,0.0005774959864782,5
MLPA,-0.061418794,0.0007878617962024,5
PMEA,-0.0076170405,0.0002776422660746,5
VYVR,-0.029111227,0.0002086666476201,5
QVDW,0.00312172,4.593398511262095e-05,5
KFKV,-0.02238687,0.0,5
FFVS,-0.15427648,0.0007689535960901,5
APFW,0.01541859,0.0,5
AYIK,-0.032462142,0.0,5
VERQ,-0.030789247,0.0009575826166648,5
RMPG,-0.03504639,0.0003122898568001,5
ECGC,0.08873894,0.1190417079854393,5
ASYY,0.005116456,0.0,5
TTPN,-0.004124834,0.0008020777843596,5
HHMA,0.13302629,0.0836022839804657,5
SSAT,0.0021582444,0.0007237766328902,5
RQFP,0.0042708376,0.0003746231301137,5
QHGT,0.075668044,0.0361212254676292,5
YMWA,-0.10164546,0.0009214568188213,5
QCIL,-0.033992536,0.0007894267418479,5
WVRK,-0.012431621,0.0004455788978499,5
KIAP,0.0068762237,0.0003434959823129,5
LCPA,0.027333321,0.0058164278428895,5
QDRP,0.0015344073,0.0002646449542303,5
RAYG,0.019441085,0.065172634933688,5
NVVL,-0.022416553,0.0002454934297222,5
YITK,-0.027112892,0.0,5
EEVQ,-0.016389078,0.0004698867995654,5
GDKI,0.0019664236,0.0003036993186771,5
PLDH,0.001690469,0.0001368972496689,5
SVTC,-0.038210105,0.0004468718725596,5
FGGG,-0.02603625,0.0240017987123687,5
LCTM,-0.061775617,0.0007473284257301,5
YDVL,-0.056548543,0.0004153316895858,5
EHDR,-0.0027121631,0.0,5
PGMC,-0.00040589343,0.0004344587903506,5
CECK,-0.037420906,0.0004500867904337,5
DFQV,-0.00528708,0.0,5
EVFQ,0.00025368598,0.0002958017757379,5
PMFS,-0.0035225663,0.0003518316689462,5
CLEP,-0.014636035,0.0010075538237193,5
MDLT,0.0393204,0.1222634401980815,5
MWSH,-0.11601975,0.0005052118638434,5
NVRA,0.0056511546,0.0003935899928617,5
NNQP,0.0029680145,0.0003959624057216,5
SIER,0.0027954516,0.0001761319389494,5
ENRQ,-0.0044738976,8.363910893649365e-05,5
PPST,-0.00085428613,0.000385128991882,5
HVHW,-0.0101001775,0.0,5
HLRD,0.0030037176,0.0131709611211468,5
GGYS,-0.007608651,0.0002187485177698,5
NTHT,-0.0048948964,0.0002639750132341,5
RPMN,-0.011207229,0.0002434321342653,5
TRVF,-0.023471406,0.0,5
GRNY,-0.002236394,0.0,5
VINI,0.01491464,0.0002085401919772,5
WWWK,-0.0047101183,0.0009001735808675,5
AIAI,0.06118881,0.001303376371052,5
TSKN,0.01477179,0.0,5
PTDA,-0.004745758,8.477241627754676e-05,5
SWWI,-0.027288565,0.0,5
SQIH,-0.0102255335,0.0,5
GEPF,-0.0019547443,0.0,5
HCLV,0.0032884565,0.0053045142864915,5
IGRP,-0.0072561866,0.0002656563711141,5
YYVW,-0.1188172,0.0001468592836949,5
ENFA,0.07992794,0.0045646142167439,5
NGDQ,-0.0023878,0.0,5
MKLI,0.0074512446,0.0017664583048669,5
MFKG,-0.01560302,9.566061234513472e-05,5
WFKL,-0.070113994,0.0014279027664794,5
YHWF,-0.00415527,0.0002334405406621,5
RKDW,-0.007867559,7.141787865505873e-05,5
TIAP,0.022575924,0.0006433116975458,5
FIYV,-0.11530777,0.0248180095126362,5
QPQV,-0.016750878,9.993944673822858e-05,5
LRRV,0.01916481,0.0007741793641196,5
REDA,0.0025985774,0.0003473832379057,5
IGPW,0.0012563032,0.0002673592994964,5
ASLT,0.04759515,0.1932887696084802,5
KFQA,-0.032181717,0.0004812466934417,5
PLSP,-0.004266924,0.0003167699017513,5
KVMV,-0.007847092,0.0005161277934139,5
GDQY,-0.000254086,0.0,5
VTKH,0.01974524,0.0,5
ANDY,0.0011242118,0.0,5
HNRK,0.007161037,0.0002731968024048,5
FVTG,-0.010188355,0.0007232608810399,5
ELKW,-0.01296278,0.0,5
DHER,0.003400102,0.0007447865303524,5
YMCG,0.15457563,0.1474210552418079,5
DQNS,0.00072865863,0.0,5
IKFK,-0.018123409,0.0006405672220544,5
FEKS,-0.0044681197,0.0,5
HSDP,0.0049759047,0.0003402423744903,5
MRNN,0.037978612,0.0003861856041039,5
QQAC,0.0079772705,0.0017921424959303,5
DGVN,-0.013095363,0.0,5
WHEF,-0.028287599,0.0005128037676024,5
CAGF,0.023535104,0.1292993536472268,5
YWTF,-0.13589402,0.0003554662415125,5
YTLE,0.0009186652,0.000450627080157,5
RHAY,-0.022164362,0.0003410704991697,5
QPEG,-0.00903071,0.0002760090709033,5
TCIQ,-0.04857313,0.0034001122772718,5
QQMH,0.010735483,0.0,5
VRIM,-0.032855295,0.0001757361373524,5
SSVS,-0.0002467397,0.0003005164712323,5
KVWI,0.025517533,0.000536892198017,5
ETGR,0.013100923,0.000380761592887,5
HRRE,0.015542061,0.0005262230167317,5
WWWF,0.017418833,0.0071685699837214,5
QCCY,-0.0038112912,0.0018400607389917,5
TNAN,-0.0026043195,0.0007191041653633,5
REGA,0.023284309,0.0027398614583202,5
EARG,0.0076360265,0.0004398895352164,5
WSEH,0.022014445,0.0002355753356082,5
WREC,-0.02001637,0.0008020777843596,5
GMRA,-0.015128455,0.0002716714597448,5
MWLH,0.19698952,0.0029049680173729,5
KSTP,0.014591531,0.0004020052278552,5
IFFC,0.022314468,0.006175998756962,5
KTWV,0.0031913605,0.0013722837399809,5
FVHP,-0.042609535,0.0002731968024048,5
WVMV,0.060545124,0.1621181931964423,5
AAHL,0.013371476,0.0029791460072803,5
YRQA,0.120705135,0.0005783858552937,5
TPHL,-0.013512461,0.0,5
NCCH,-0.0005189541,0.0006800224098025,5
MENR,0.014353805,0.0005224389343349,5
QEAW,-0.011250561,7.483503425409912e-05,5
PYYS,-0.024661398,0.0,5
WLDK,-0.018258749,0.000498189124607,5
EMEK,-0.016856706,0.0,5
NQYY,0.0041461317,0.0,5
YQKP,0.012385775,0.0004739550647697,5
MVWG,0.06614004,0.005614544376388,5
DIKF,-0.02127183,0.0,5
WFWP,-0.02486953,0.0005990539344793,5
FLKS,-0.027540268,0.0002708314655827,5
YALH,0.088987805,0.000695134087387,5
APLF,0.0025066372,0.0028437302744889,5
KYMY,-0.022966756,0.0,5
QKLK,0.02167953,0.000516432177168,5
GRVY,-0.011466413,0.0001644206399066,5
MQKY,-0.017809218,0.0,5
HWLG,0.27522495,0.5387570978171385,5
AVPP,-0.017979285,0.0,5
GGTY,-0.0052580936,0.0,5
QQCF,0.005055153,0.0005939436656472,5
IKLN,0.036783285,0.0009501248152347,5
VKFP,0.017912233,0.0075664068546766,5
LMFD,-0.0153834885,0.0024062332389493,5
IRDM,-0.021986922,0.0005977267208772,5
YGHF,-0.032570288,0.0,5
TDAY,-0.007167476,0.0007820257769793,5
VNVD,0.016235055,0.0,5
IRNT,-0.027220985,0.0006815821054845,5
GCSM,-0.0026575539,0.0015447423022859,5
YLAT,0.04341764,0.0519515391718399,5
QRYM,0.015435346,0.0005529474994783,5
ISDL,0.017021598,0.0004466660968158,5
QQNH,0.002457741,0.0,5
RKFQ,0.017512018,0.0004827319765974,5
TSEN,0.008229249,0.0,5
KATM,0.0015703526,5.310874503158405e-05,5
NFLL,0.0008991894,0.0002402537378765,5
GNVN,-0.004724606,0.0002463072881964,5
HTDE,0.0048514167,0.000178748703372,5
LPDS,0.0045544067,0.000191908193437,5
MFTQ,-0.12122025,5.292899084606958e-05,5
LTGC,0.087957464,0.1147470699467439,5
YWCA,0.7047877,0.6818925132294539,5
QNDT,0.001865038,0.000295661966927,5
KGLQ,0.007071563,0.0002685616552706,5
KRSQ,-0.0067815324,0.0001992422783356,5
FEGM,-0.00080869975,0.0472543260559888,5
WTKK,-0.001492894,0.0004455987564076,5
YLCY,-0.078584395,0.0009213853736657,5
EEHN,-0.012054439,0.0004533482732016,5
IYEH,-0.053705163,0.000296502645867,5
EAAE,0.024012001,0.0002226407950668,5
FIGQ,0.10244958,0.0080679586950437,5
FYFC,-0.039111577,0.0166388472317472,5
RYAH,-0.04479041,0.0003200106129245,5
SENW,0.004675607,0.0,5
NHLY,-0.007273822,0.0001797760984056,5
PDVT,0.001868644,0.0,5
PEKM,0.0023894564,0.0,5
YHHC,0.013522626,0.0013600449337346,5
SLKF,0.002465525,0.000430868271826,5
DVHQ,-0.012695036,0.0,5
QHHT,0.012317822,0.0015458649955703,5
IGVP,-0.031237593,0.0002846317935852,5
ILAY,-0.0061989343,0.0006531461346326,5
MIDW,0.0052604834,0.0006763466364356,5
NRPI,-0.0011186178,0.0004385191806097,5
GRSG,-0.016221559,0.0001342533223917,5
VVHE,-0.06617255,0.0,5
TQTV,-0.030096298,0.0,5
PNGE,-0.0015186581,0.0004320584157286,5
HDMN,0.005211153,0.0003191942435981,5
CKQC,0.031920247,0.0006655538527484,5
CLLK,0.014662721,0.0015242393686917,5
PGAK,-0.0054453975,0.0004634227249246,5
ICAW,0.077019535,0.0032755008552615,5
DAGP,-0.0049351705,0.0,5
KQHH,-0.0073458543,0.0001873116221217,5
PAQR,0.005597192,0.0003861856041039,5
AERS,-0.0006272483,0.0009479101295395,5
EMTG,-0.027420795,0.0004010388921798,5
MTWC,0.056868814,0.001714029201851,5
QFNY,-0.025723292,0.0,5
QMLD,0.027419234,0.0,5
TFPQ,-0.028285747,0.0,5
QPPC,-0.017444016,0.0010937423605897,5
DRGP,0.007597464,0.0007603029116461,5
MMEK,-0.0135431355,0.0,5
HCDT,0.011196592,0.00055462828671,5
IKVC,0.09078152,0.0025419081601567,5
MRKV,0.018612394,9.805961741149288e-05,5
VWHI,-0.09116959,0.0,5
RRLS,0.026623571,0.0007713524870269,5
APLP,-0.0041197008,0.0,5
NQCL,-0.03031299,0.0004115925742679,5
TGSP,-0.0040869704,0.0003616303834551,5
GQGR,0.0008223329,0.0001012331062257,5
MHGK,0.0065187,0.0011479278046601,5
QMTE,-0.032443337,0.0004437026065421,5
LDYE,-0.031284727,0.0,5
MAEC,-0.007450334,0.0,5
NEAN,-0.01717122,0.0005072600343915,5
FWFE,-0.02163977,0.0,5
CFCC,0.021369385,0.1758555495986071,5
GTEN,-0.0012069221,0.0003241558015072,5
MLEN,-0.014316692,0.0001936905560498,5
PMNW,-0.000907297,0.0002351957404202,5
DSLR,-0.0027879614,6.80022067413591e-05,5
IGNR,-0.019044286,0.0,5
HFSC,0.025252933,0.0007471583725641,5
YRFK,0.066230096,0.0003723932651762,5
GHVC,-0.0051022274,0.0005939436656472,5
CGWN,-0.02393712,0.0012240404061223,5
TPPS,-0.006503894,0.0003128102879658,5
RHRF,0.009917674,0.0001913213388199,5
AMRK,-0.0067089414,0.0,5
CYNW,0.0052298317,0.0004739550647697,5
AKKS,0.010336959,0.0,5
NWCA,0.18938124,0.056259170870231,5
KHPC,0.024237776,0.0009337621626486,5
GPPV,-0.006305936,0.0001266438426678,5
FQRA,0.035602435,0.0028239820802146,5
TVWV,-0.024861401,0.0004285072719303,5
VKCF,-0.0019633684,0.0011633442083877,5
AIGM,0.027617136,0.0790257669551404,5
LKYP,-0.017369373,0.0013211865298824,5
CQEN,0.009898779,0.0007537598592933,5
GGHH,-0.00557883,0.0,5
KCLE,0.027068073,0.0010340837154269,5
SQYP,0.0019982618,0.0002550084179421,5
CKLE,0.05122926,0.000923652558996,5
EGPL,0.0020766605,0.0002709618016334,5
INIT,0.010690519,0.0007651476008022,5
WINN,0.012951565,0.0005455993766337,5
RCLS,0.043549515,0.0024736752974097,5
MFHQ,-0.0788771,0.0004500867904337,5
NMPW,-0.011945534,0.000340011261966,5
NNIM,-0.004030443,0.0003514722747048,5
HNQG,-0.00872537,0.0,5
HMRI,-0.01694267,0.0005058927612852,5
DFNE,0.005680383,0.0,5
EWCT,0.080719955,0.0204529829305233,5
VVHW,-0.02727603,0.0,5
DDCS,-0.022667779,0.0,5
IKAQ,0.011513867,0.0007835326306373,5
QPNC,-0.015225544,0.0001967361055358,5
KEFY,-0.007385156,0.0003272073998642,5
NLSC,-0.02255263,0.0005499962210762,5
SPAT,-0.019504776,0.00023919221808,5
FDMG,0.11114064,0.103468031443286,5
VRFV,0.03696049,0.0216753274843012,5
FEGK,0.01219494,0.0,5
QKFF,0.024669448,0.0010975800839181,5
HRFW,0.022568623,8.68918037219935e-05,5
YRGK,0.07637886,0.0004485807356832,5
STHN,-0.0042426055,0.000145493151885,5
DNYV,-0.0060457727,0.0,5
DWLC,0.023178177,0.0,5
MGWR,-0.032492854,0.0002325726988674,5
QCMN,0.031841487,0.0,5
